0	3.563486	0.200223
1	3.492165	0.202257
2	3.563486	0.200223
3	3.699547	0.196506
4	3.777668	0.194464
5	3.975674	0.189560
6	4.062905	0.187514
7	3.948490	0.190211
8	4.040539	0.188032
9	3.914879	0.191026
10	3.825528	0.193244
11	3.790669	0.194130
12	3.607046	0.199010
13	3.357385	0.206277
14	3.337299	0.206897
15	3.306374	0.207862
16	3.381981	0.205525
17	3.420052	0.204378
18	3.492165	0.202257
19	3.526361	0.201274
20	3.630031	0.198379
21	3.692448	0.196695
22	3.681704	0.196982
23	3.757869	0.194976
24	3.865225	0.192249
25	3.945729	0.190277
26	3.951244	0.190145
27	4.032983	0.188208
28	4.115551	0.186310
29	4.174387	0.184993
30	4.204693	0.184325
31	4.198269	0.184466
32	4.183134	0.184799
33	4.351194	0.181195
34	4.367636	0.180854
35	4.444332	0.179287
36	4.515563	0.177867
37	4.603739	0.176155
38	4.676830	0.174773
39	4.799330	0.172528
40	4.760951	0.173222
41	4.835146	0.171888
42	4.858703	0.171471
43	4.886047	0.170991
44	4.839681	0.171808
45	4.877378	0.171142
46	4.895703	0.170822
47	4.937556	0.170096
48	4.976734	0.169426
49	5.064404	0.167953
50	5.109400	0.167211
51	5.320221	0.163865
52	5.369307	0.163114
53	5.402033	0.162619
54	5.519174	0.160884
55	5.595243	0.159787
56	5.664449	0.158808
57	5.745289	0.157687
58	5.790397	0.157071
59	5.820931	0.156659
60	5.879334	0.155879
61	5.921195	0.155327
62	5.972717	0.154655
63	5.926926	0.155252
64	5.925402	0.155272
65	5.828525	0.156557
66	5.920046	0.155342
67	5.973446	0.154646
68	6.062123	0.153511
69	6.106386	0.152953
70	6.196444	0.151838
71	6.309398	0.150472
72	6.305492	0.150519
73	6.260946	0.151054
74	6.236929	0.151344
75	6.199639	0.151799
76	6.204269	0.151742
77	6.253829	0.151140
78	6.225125	0.151488
79	6.280664	0.150816
80	6.300523	0.150578
81	6.330485	0.150222
82	6.355363	0.149927
83	6.316648	0.150386
84	6.271259	0.150929
85	6.243058	0.151270
86	6.221443	0.151532
87	6.219454	0.151557
88	6.265845	0.150995
89	6.294212	0.150654
90	6.370391	0.149750
91	6.397168	0.149437
92	6.438209	0.148960
93	6.474553	0.148541
94	6.473891	0.148549
95	6.431561	0.149037
96	6.389761	0.149523
97	6.366225	0.149799
98	6.345887	0.150039
99	6.338341	0.150129
100	6.299212	0.150594
101	6.281732	0.150803
102	6.284934	0.150765
103	6.266929	0.150981
104	6.238045	0.151331
105	6.212319	0.151644
106	6.174679	0.152105
107	6.129673	0.152662
108	6.126557	0.152701
109	6.120297	0.152779
110	6.129050	0.152670
111	6.092601	0.153126
112	6.083522	0.153240
113	6.029312	0.153928
114	6.002123	0.154276
115	5.978524	0.154580
116	5.950643	0.154942
117	5.918509	0.155362
118	5.921962	0.155317
119	5.891644	0.155716
120	5.853842	0.156218
121	5.841057	0.156389
122	5.826843	0.156579
123	5.770104	0.157347
124	5.671848	0.158704
125	5.622984	0.159392
126	5.574323	0.160087
127	5.511697	0.160993
128	5.499506	0.161172
129	5.474072	0.161546
130	5.462012	0.161724
131	5.446121	0.161960
132	5.323010	0.163822
133	5.257495	0.164840
134	5.269331	0.164654
135	5.247776	0.164992
136	5.220356	0.165425
137	5.150809	0.166538
138	5.147494	0.166592
139	5.234920	0.165195
140	5.231873	0.165243
141	5.187386	0.165950
142	5.199287	0.165760
143	5.187386	0.165950
144	5.194544	0.165835
145	5.221128	0.165413
146	5.125665	0.166946
147	5.076067	0.167760
148	5.083179	0.167642
149	5.078736	0.167715
150	5.048021	0.168225
151	4.972788	0.169493
152	4.911603	0.170545
153	4.935502	0.170132
154	4.971797	0.169510
155	4.918937	0.170418
156	4.916845	0.170454
157	4.902092	0.170711
158	4.969813	0.169543
159	4.962845	0.169662
160	4.971797	0.169510
161	4.984586	0.169292
162	4.994309	0.169127
163	5.023881	0.168629
164	5.034163	0.168456
165	5.036024	0.168425
166	5.015384	0.168771
167	5.002986	0.168980
168	4.987510	0.169242
169	5.037881	0.168394
170	5.078736	0.167715
171	5.115422	0.167113
172	5.163968	0.166326
173	5.258240	0.164828
174	5.303305	0.164126
175	5.353213	0.163359
176	5.412284	0.162465
177	5.421168	0.162332
178	5.398810	0.162668
179	5.367979	0.163134
180	5.419269	0.162361
181	5.511697	0.160993
182	5.613128	0.159532
183	5.639372	0.159161
184	5.665932	0.158787
185	5.765639	0.157408
186	5.870909	0.155991
187	5.916973	0.155382
188	5.969439	0.154698
189	6.010215	0.154172
190	6.091957	0.153134
191	6.094215	0.153106
192	6.119354	0.152791
193	6.184444	0.151985
194	6.249147	0.151196
195	6.271529	0.150926
196	6.299738	0.150588
197	6.336826	0.150146
198	6.383507	0.149596
199	6.462138	0.148684
200	6.544733	0.147742
201	6.670585	0.146342
202	6.813916	0.144795
203	6.944775	0.143424
204	7.071209	0.142136
205	7.118132	0.141667
206	7.173192	0.141122
207	7.254986	0.140324
208	7.345180	0.139460
209	7.434173	0.138623
210	7.489412	0.138111
211	7.537734	0.137667
212	7.553362	0.137525
213	7.580408	0.137279
214	7.609508	0.137016
215	7.614946	0.136968
216	7.609579	0.137016
217	7.621405	0.136909
218	7.630253	0.136830
219	7.645466	0.136694
220	7.626710	0.136862
221	7.635925	0.136779
222	7.637992	0.136761
223	7.624968	0.136877
224	7.631570	0.136818
225	7.612972	0.136985
226	7.602187	0.137082
227	7.594525	0.137152
228	7.556951	0.137492
229	7.535754	0.137685
230	7.496336	0.138047
231	7.413367	0.138817
232	7.351800	0.139397
233	7.305572	0.139838
234	7.282565	0.140058
235	7.255490	0.140319
236	7.191752	0.140940
237	7.187873	0.140978
238	7.157291	0.141279
239	7.146434	0.141386
240	7.139207	0.141458
241	7.119636	0.141652
242	7.116626	0.141682
243	7.146885	0.141382
244	7.125168	0.141597
245	7.131470	0.141534
246	7.107074	0.141777
247	7.091861	0.141929
248	7.095420	0.141893
249	7.059372	0.142255
250	6.994981	0.142908
251	6.956001	0.143308
252	6.958584	0.143282
253	6.931611	0.143560
254	6.938700	0.143487
