0	3.500832	0.202007
1	3.591432	0.199442
2	3.699547	0.196506
3	3.888898	0.191663
4	3.888898	0.191663
5	3.956729	0.190013
6	3.856214	0.192473
7	3.777668	0.194464
8	3.894734	0.191519
9	3.897640	0.191448
10	3.837924	0.192931
11	3.828641	0.193165
12	3.828641	0.193165
13	3.926202	0.190750
14	3.948490	0.190211
15	3.819272	0.193402
16	3.777668	0.194464
17	3.787434	0.194213
18	3.800287	0.193884
19	3.828641	0.193165
20	3.674502	0.197175
21	3.659888	0.197568
22	3.610918	0.198903
23	3.607046	0.199010
24	3.559425	0.200337
25	3.386794	0.205379
26	3.438590	0.203827
27	3.496508	0.202131
28	3.599256	0.199225
29	3.547143	0.200683
30	3.787434	0.194213
31	3.894734	0.191519
32	3.940202	0.190411
33	3.920566	0.190887
34	3.885966	0.191735
35	3.942959	0.190344
36	3.942959	0.190344
37	3.790669	0.194130
38	3.652501	0.197768
39	3.720523	0.195952
40	3.579539	0.199773
41	3.614775	0.198797
42	3.424719	0.204239
43	3.410686	0.204659
44	3.321938	0.207374
45	3.306374	0.207862
46	3.166066	0.212418
47	3.230251	0.210297
48	3.207370	0.211046
49	3.147852	0.213031
50	3.147852	0.213031
51	3.110355	0.214312
52	2.936884	0.220550
53	2.966767	0.219437
54	2.874355	0.222936
55	2.763611	0.227359
56	2.679033	0.230920
57	2.607935	0.234047
58	2.628791	0.233116
59	2.772589	0.226991
60	2.781487	0.226627
61	2.688799	0.230500
62	2.745410	0.228112
63	2.824766	0.224885
64	2.833213	0.224549
65	2.807654	0.225569
66	2.936884	0.220550
67	2.849897	0.223891
68	2.772589	0.226991
69	2.618417	0.233578
70	3.247036	0.209753
71	3.316764	0.207536
72	3.465736	0.203027
73	3.526361	0.201274
74	3.713572	0.196135
75	3.713572	0.196135
76	3.713572	0.196135
77	3.871201	0.192100
78	3.931826	0.190614
79	3.956729	0.190013
80	3.888898	0.191663
81	3.994266	0.189118
82	3.994266	0.189118
83	3.994266	0.189118
84	4.238243	0.183594
85	4.274678	0.182810
86	4.336362	0.181505
87	4.487028	0.178432
88	4.549351	0.177205
89	4.549351	0.177205
90	4.549351	0.177205
91	4.738704	0.173629
92	4.816816	0.172215
93	4.889273	0.170934
94	4.953811	0.169817
95	4.988485	0.169226
96	4.988485	0.169226
97	4.988485	0.169226
98	5.086713	0.167584
99	5.117137	0.167085
100	5.195337	0.165823
101	5.222672	0.165388
102	5.326487	0.163769
103	5.525453	0.160793
104	5.611561	0.159555
105	5.382525	0.162914
106	5.269331	0.164654
107	5.394927	0.162726
108	5.428718	0.162219
109	5.371303	0.163084
110	5.327876	0.163747
111	5.342334	0.163525
112	5.365976	0.163165
113	5.552960	0.160394
114	5.494825	0.161240
115	5.539022	0.160596
116	5.581882	0.159978
117	5.435594	0.162117
118	5.317419	0.163908
119	5.664449	0.158808
120	5.644436	0.159089
121	5.660976	0.158857
122	5.645952	0.159068
123	5.708060	0.158200
124	5.708060	0.158200
125	5.889670	0.155742
126	5.636827	0.159197
127	5.699008	0.158326
128	5.660478	0.158864
129	5.630699	0.159283
130	5.555723	0.160354
131	5.555723	0.160354
132	5.291867	0.164303
133	5.672832	0.158691
134	5.578110	0.160032
135	5.562330	0.160259
136	5.542944	0.160539
137	5.575949	0.160063
138	5.710427	0.158167
139	5.710427	0.158167
140	5.439943	0.162052
141	5.458368	0.161778
142	5.509967	0.161019
143	5.574323	0.160087
144	5.582959	0.159963
145	5.611042	0.159562
146	5.611042	0.159562
147	5.613128	0.159532
148	5.642414	0.159118
149	5.613128	0.159532
150	5.598951	0.159734
151	5.559581	0.160299
152	5.568890	0.160165
153	5.693251	0.158406
154	5.621954	0.159407
155	5.607899	0.159607
156	5.607899	0.159607
157	5.595243	0.159787
158	5.618330	0.159458
159	5.597892	0.159749
160	5.531130	0.160710
161	5.490119	0.161310
162	5.508230	0.161044
163	5.516304	0.160926
164	5.515729	0.160935
165	5.487755	0.161344
166	5.491884	0.161284
167	5.606328	0.159629
168	5.642414	0.159118
169	5.638863	0.159168
170	5.631212	0.159276
171	5.685038	0.158520
172	5.686005	0.158507
173	5.693732	0.158399
174	5.636321	0.159204
175	5.596305	0.159772
176	5.554067	0.160378
177	5.587784	0.159894
178	5.498925	0.161180
179	5.472871	0.161564
180	5.419269	0.162361
181	5.361963	0.163226
182	5.353889	0.163349
183	5.359949	0.163257
184	5.289710	0.164337
185	5.321614	0.163844
186	5.306142	0.164082
187	5.125665	0.166946
188	5.322312	0.163833
189	5.332028	0.163683
190	5.356586	0.163308
191	5.435594	0.162117
192	5.537897	0.160612
193	5.625565	0.159356
194	5.824734	0.156608
195	5.791705	0.157054
196	5.832302	0.156506
197	5.863225	0.156093
198	5.909633	0.155479
199	5.953615	0.154903
200	6.036165	0.153840
201	6.129984	0.152659
202	6.204558	0.151738
203	6.303143	0.150547
204	6.400732	0.149395
205	6.500860	0.148240
206	6.589123	0.147244
207	6.693146	0.146095
208	6.785911	0.145093
209	6.875969	0.144140
210	6.898426	0.143905
211	7.011085	0.142744
212	7.092693	0.141921
213	7.194544	0.140912
214	7.228181	0.140584
215	7.297091	0.139919
216	7.323831	0.139663
217	7.329562	0.139609
218	7.329375	0.139610
219	7.347023	0.139443
220	7.347576	0.139437
221	7.385762	0.139076
222	7.370770	0.139218
223	7.352258	0.139393
224	7.373285	0.139194
225	7.377938	0.139150
226	7.356736	0.139350
227	7.340187	0.139507
228	7.284037	0.140044
229	7.232733	0.140540
230	7.216604	0.140697
231	7.188629	0.140970
232	7.150141	0.141349
233	7.160402	0.141248
234	7.097667	0.141871
235	7.086379	0.141984
236	7.091148	0.141936
237	7.047517	0.142375
238	7.024141	0.142611
239	7.015327	0.142701
240	7.009667	0.142759
241	6.976081	0.143102
242	6.968313	0.143182
243	6.963461	0.143231
244	6.958991	0.143277
245	6.956273	0.143305
246	6.956001	0.143308
247	6.914873	0.143734
248	6.947937	0.143391
249	6.958176	0.143286
250	6.916007	0.143722
251	6.926577	0.143612
252	6.913879	0.143744
