0	3.438590	0.203827
1	3.447731	0.203556
2	3.509424	0.201759
3	3.551254	0.200567
4	3.410686	0.204659
5	3.622446	0.198587
6	3.888898	0.191663
7	3.975674	0.189560
8	4.117882	0.186258
9	4.163342	0.185238
10	4.174387	0.184993
11	4.270690	0.182895
12	4.193979	0.184560
13	4.099100	0.186684
14	4.457667	0.179018
15	4.521789	0.177744
16	4.556883	0.177059
17	4.672829	0.174848
18	4.708241	0.174189
19	4.871917	0.171238
20	4.998178	0.169062
21	4.928289	0.170256
22	4.923107	0.170346
23	5.101609	0.167339
24	5.111988	0.167169
25	5.194544	0.165835
26	5.217265	0.165474
27	5.232637	0.165231
28	5.290431	0.164326
29	5.388419	0.162825
30	5.320915	0.163854
31	5.378579	0.162974
32	5.533389	0.160678
33	5.557932	0.160322
34	5.655992	0.158927
35	5.698532	0.158332
36	5.738873	0.157775
37	5.836064	0.156456
38	5.938291	0.155103
39	6.008813	0.154190
40	6.124996	0.152721
41	6.109883	0.152910
42	6.263943	0.151017
43	6.275300	0.150881
44	6.315358	0.150401
45	6.311216	0.150451
46	6.315099	0.150405
47	6.311994	0.150442
48	6.347389	0.150021
49	6.287859	0.150730
50	6.259581	0.151070
51	6.190901	0.151906
52	6.257394	0.151096
53	6.254653	0.151130
54	6.327937	0.150252
55	6.397168	0.149437
56	6.462360	0.148681
57	6.533789	0.147866
58	6.595781	0.147170
59	6.617976	0.146923
60	6.648985	0.146580
61	6.635947	0.146723
62	6.675103	0.146292
63	6.697034	0.146053
64	6.741701	0.145568
65	6.821263	0.144717
66	6.834570	0.144576
67	6.879062	0.144107
68	6.908326	0.143802
69	6.900155	0.143887
70	6.930914	0.143567
71	6.926998	0.143608
72	6.853752	0.144373
73	6.883170	0.144064
74	6.869905	0.144203
75	6.911320	0.143771
76	6.962650	0.143240
77	6.962650	0.143240
78	7.012502	0.142730
79	7.088170	0.141966
80	7.081229	0.142035
81	7.131699	0.141532
82	7.111862	0.141729
83	7.130556	0.141543
84	7.173301	0.141121
85	7.146772	0.141383
86	7.129870	0.141550
87	7.194222	0.140916
88	7.184738	0.141009
89	7.268721	0.140192
90	7.316738	0.139731
91	7.354088	0.139376
92	7.395020	0.138989
93	7.424932	0.138709
94	7.403322	0.138911
95	7.439811	0.138570
96	7.368430	0.139240
97	7.299218	0.139898
98	7.278629	0.140096
99	7.249012	0.140382
100	7.283252	0.140052
101	7.261426	0.140262
102	7.202448	0.140835
103	7.262629	0.140250
104	7.297188	0.139918
105	7.314362	0.139754
106	7.334329	0.139563
107	7.328812	0.139616
108	7.362827	0.139293
109	7.413454	0.138816
110	7.376777	0.139161
111	7.368970	0.139235
112	7.290293	0.139984
113	7.248910	0.140383
114	7.243105	0.140439
115	7.261125	0.140265
116	7.257405	0.140301
117	7.268024	0.140198
118	7.270313	0.140176
119	7.273489	0.140146
120	7.298348	0.139907
121	7.222357	0.140641
122	7.233043	0.140537
123	7.262328	0.140253
124	7.224233	0.140623
125	7.211557	0.140746
126	7.189814	0.140959
127	7.137165	0.141478
128	7.150701	0.141344
129	7.038784	0.142463
130	6.914022	0.143743
131	6.916857	0.143713
132	6.904034	0.143847
133	6.897272	0.143917
134	6.881558	0.144081
135	6.825926	0.144667
136	6.797303	0.144972
137	6.725549	0.145743
138	6.693855	0.146087
139	6.604911	0.147068
140	6.548424	0.147701
141	6.530669	0.147901
142	6.572483	0.147430
143	6.579450	0.147352
144	6.651387	0.146553
145	6.652678	0.146539
146	6.683182	0.146204
147	6.709479	0.145917
148	6.757265	0.145400
149	6.756102	0.145413
150	6.749931	0.145479
151	6.671490	0.146332
152	6.613192	0.146976
153	6.546785	0.147719
154	6.463253	0.148671
155	6.318968	0.150358
156	6.175867	0.152090
157	6.114631	0.152850
158	6.099038	0.153045
159	6.124683	0.152725
160	6.115892	0.152834
161	6.100319	0.153029
162	6.132777	0.152624
163	6.136493	0.152578
164	6.121240	0.152768
165	6.162112	0.152260
166	6.092601	0.153126
167	6.059457	0.153544
168	6.052762	0.153629
169	6.049396	0.153672
170	6.021023	0.154034
171	6.001061	0.154290
172	5.835229	0.156467
173	5.774107	0.157293
174	5.658485	0.158892
175	5.600535	0.159712
176	5.495995	0.161223
177	5.424320	0.162285
178	5.336162	0.163620
179	5.323010	0.163822
180	5.261949	0.164770
181	5.251524	0.164933
182	5.182587	0.166027
183	5.141664	0.166686
184	5.139990	0.166713
185	5.070701	0.167848
186	5.045269	0.168271
187	5.080516	0.167686
188	5.010635	0.168851
189	5.028567	0.168550
190	5.040654	0.168348
191	5.021997	0.168660
192	5.045269	0.168271
193	5.050772	0.168179
194	5.000107	0.169029
195	4.980664	0.169359
196	4.939597	0.170061
197	4.941642	0.170026
198	4.873012	0.171219
199	4.753590	0.173356
200	4.662089	0.175049
201	4.629170	0.175671
202	4.622165	0.175804
203	4.561365	0.176972
204	4.518675	0.177806
205	4.596563	0.176293
206	4.644391	0.175383
207	4.624973	0.175750
208	4.587882	0.176459
209	4.641637	0.175435
210	4.679480	0.174724
211	4.701780	0.174309
212	4.751122	0.173402
213	4.749885	0.173424
214	4.729916	0.173790
215	4.819128	0.172174
216	4.719775	0.173976
217	4.662089	0.175049
218	4.649866	0.175279
219	4.550862	0.177176
220	4.567323	0.176856
221	4.615121	0.175938
222	4.506134	0.178053
223	4.515563	0.177867
224	4.561365	0.176972
225	4.521789	0.177744
226	4.567323	0.176856
227	4.550862	0.177176
228	4.630555	0.175644
229	4.733687	0.173721
230	4.776717	0.172936
231	4.856481	0.171510
232	4.897840	0.170785
233	4.909495	0.170582
