0	3.483422	0.202511
1	3.699547	0.196506
2	3.994266	0.189118
3	4.030446	0.188267
4	4.270690	0.182895
5	4.332613	0.181583
6	4.520233	0.177775
7	4.541772	0.177353
8	4.496627	0.178241
9	4.676830	0.174773
10	4.812184	0.172298
11	5.255258	0.164875
12	5.558483	0.160315
13	5.480639	0.161449
14	5.701400	0.158292
15	5.903414	0.155561
16	6.222292	0.151522
17	6.326405	0.150270
18	6.327426	0.150258
19	6.392635	0.149490
20	6.577464	0.147374
21	6.641555	0.146661
22	6.687643	0.146155
23	6.697915	0.146043
24	6.782516	0.145129
25	6.819080	0.144740
26	6.864698	0.144258
27	6.871980	0.144182
28	6.946427	0.143407
29	7.091267	0.141935
30	7.051979	0.142330
31	7.112793	0.141720
32	7.164389	0.141209
33	7.228492	0.140581
34	7.282074	0.140063
35	7.319013	0.139709
36	7.291559	0.139972
37	7.351708	0.139398
38	7.381680	0.139115
39	7.420750	0.138748
40	7.428757	0.138673
41	7.505571	0.137962
42	7.558293	0.137480
43	7.643893	0.136708
44	7.794234	0.135383
45	7.856430	0.134846
46	7.953821	0.134018
47	8.029340	0.133386
48	8.072601	0.133028
49	8.102067	0.132786
50	8.166865	0.132258
51	8.153596	0.132366
52	8.176392	0.132181
53	8.183437	0.132124
54	8.206233	0.131941
55	8.223359	0.131803
56	8.288319	0.131286
57	8.313047	0.131090
58	8.348267	0.130814
59	8.433283	0.130153
60	8.487411	0.129737
61	8.551705	0.129248
62	8.625663	0.128693
63	8.669914	0.128364
64	8.719271	0.128000
65	8.760072	0.127702
66	8.753236	0.127752
67	8.791747	0.127472
68	8.815391	0.127301
69	8.847463	0.127070
70	8.881916	0.126823
71	8.914492	0.126591
72	8.940030	0.126410
73	8.994279	0.126028
74	9.034932	0.125744
75	9.078065	0.125445
76	9.100095	0.125293
77	9.133074	0.125067
78	9.164700	0.124851
79	9.174832	0.124782
80	9.195299	0.124643
81	9.207207	0.124562
82	9.222015	0.124462
83	9.249685	0.124276
84	9.269956	0.124140
85	9.278506	0.124083
86	9.307765	0.123888
87	9.317515	0.123823
88	9.348125	0.123620
89	9.380650	0.123406
90	9.416832	0.123168
91	9.456408	0.122910
92	9.492917	0.122674
93	9.537834	0.122384
94	9.587974	0.122064
95	9.626783	0.121818
96	9.661134	0.121601
97	9.697210	0.121375
98	9.735981	0.121133
99	9.774322	0.120895
100	9.803075	0.120717
101	9.823965	0.120589
102	9.841126	0.120484
103	9.868179	0.120319
104	9.898920	0.120132
105	9.933781	0.119921
106	9.966429	0.119724
107	9.991132	0.119576
108	10.017683	0.119417
109	10.053477	0.119205
110	10.087344	0.119004
111	10.112828	0.118854
112	10.134355	0.118728
113	10.159463	0.118581
114	10.193424	0.118383
115	10.228486	0.118180
116	10.267937	0.117953
117	10.309096	0.117717
118	10.347111	0.117501
119	10.392326	0.117245
120	10.442284	0.116964
121	10.477634	0.116767
122	10.510520	0.116584
123	10.560049	0.116310
124	10.611791	0.116026
125	10.658737	0.115771
126	10.691471	0.115593
127	10.722039	0.115428
128	10.744855	0.115306
129	10.786638	0.115082
130	10.800057	0.115011
131	10.810126	0.114957
132	10.845067	0.114772
133	10.861984	0.114682
134	10.870143	0.114639
135	10.890562	0.114532
136	10.892989	0.114519
137	10.908765	0.114436
138	10.933943	0.114304
139	10.934695	0.114300
140	10.959011	0.114173
141	10.981360	0.114057
142	10.985123	0.114038
143	11.005390	0.113933
144	11.030504	0.113803
145	11.035157	0.113779
146	11.042490	0.113741
147	11.041646	0.113745
148	11.031633	0.113797
149	11.034903	0.113780
150	11.043185	0.113738
151	11.049274	0.113706
152	11.059099	0.113656
153	11.070601	0.113597
154	11.082116	0.113538
155	11.090209	0.113496
156	11.103112	0.113430
157	11.087172	0.113512
158	11.121594	0.113336
159	11.139115	0.113247
160	11.152716	0.113178
161	11.172029	0.113080
162	11.205812	0.112909
163	11.223037	0.112823
164	11.262587	0.112624
165	11.259271	0.112641
166	11.270393	0.112585
167	11.288365	0.112496
168	11.309371	0.112391
169	11.330663	0.112285
170	11.340706	0.112236
171	11.359783	0.112141
172	11.379324	0.112045
173	11.400663	0.111940
174	11.418309	0.111854
175	11.424165	0.111825
176	11.426144	0.111815
177	11.438531	0.111755
178	11.439173	0.111752
179	11.442488	0.111735
180	11.442293	0.111736
181	11.435782	0.111768
182	11.433052	0.111781
183	11.425113	0.111820
184	11.411410	0.111887
185	11.400638	0.111940
186	11.382272	0.112031
187	11.365242	0.112114
188	11.351948	0.112180
189	11.345205	0.112213
190	11.337078	0.112254
191	11.329394	0.112292
192	11.324447	0.112316
193	11.324987	0.112314
194	11.317081	0.112353
195	11.306801	0.112404
196	11.284125	0.112517
197	11.270149	0.112586
198	11.253027	0.112672
199	11.237300	0.112751
200	11.221562	0.112830
201	11.200332	0.112937
202	11.188143	0.112998
203	11.185280	0.113013
204	11.169878	0.113091
205	11.157878	0.113151
206	11.140324	0.113241
207	11.117641	0.113356
208	11.102413	0.113434
209	11.078304	0.113557
210	11.050312	0.113701
211	11.025014	0.113831
212	11.004913	0.113935
213	10.982184	0.114053
214	10.952932	0.114205
215	10.930154	0.114324
216	10.907271	0.114444
217	10.876051	0.114608
218	10.847077	0.114761
219	10.817965	0.114915
220	10.788479	0.115072
221	10.770759	0.115167
222	10.753452	0.115260
223	10.737753	0.115344
224	10.727885	0.115397
225	10.728145	0.115395
226	10.733890	0.115365
227	10.741211	0.115325
228	10.742227	0.115320
229	10.739104	0.115337
230	10.745550	0.115302
231	10.741576	0.115323
232	10.743650	0.115312
233	10.742919	0.115316
234	10.736816	0.115349
235	10.729635	0.115387
236	10.720971	0.115434
237	10.702920	0.115531
238	10.688123	0.115611
239	10.636782	0.115890
240	10.605736	0.116059
241	10.585487	0.116170
242	10.577040	0.116217
243	10.580687	0.116197
244	10.586289	0.116166
245	10.601007	0.116085
246	10.647932	0.115829
247	10.677391	0.115669
248	10.696186	0.115568
249	10.692665	0.115587
250	10.683540	0.115636
251	10.667333	0.115724
252	10.655958	0.115786
253	10.638003	0.115883
254	10.614226	0.116013
255	10.586574	0.116164
256	10.553798	0.116345
257	10.529319	0.116480
258	10.511318	0.116580
259	10.488505	0.116706
260	10.465191	0.116836
261	10.446480	0.116941
