0	3.571531	0.199997
1	4.296319	0.182349
2	4.439281	0.179389
3	4.540248	0.177383
4	4.709530	0.174166
5	4.916845	0.170454
6	5.062595	0.167983
7	5.202434	0.165710
8	5.194544	0.165835
9	5.325100	0.163790
10	5.450425	0.161896
11	5.497754	0.161198
12	5.541264	0.160563
13	5.606853	0.159622
14	5.594711	0.159795
15	5.669881	0.158732
16	5.728244	0.157921
17	5.745289	0.157687
18	5.828525	0.156557
19	5.859563	0.156142
20	5.867683	0.156033
21	5.927688	0.155242
22	5.964314	0.154764
23	6.301048	0.150572
24	6.426026	0.149101
25	6.501075	0.148238
26	6.626339	0.146830
27	6.714518	0.145862
28	6.829485	0.144630
29	6.863504	0.144271
30	6.735270	0.145638
31	6.724862	0.145750
32	6.683898	0.146196
33	6.572283	0.147432
34	6.479386	0.148485
35	6.378669	0.149653
36	6.428798	0.149069
37	6.397881	0.149428
38	6.297636	0.150613
39	6.350886	0.149980
40	6.347139	0.150024
41	6.306536	0.150507
42	6.237766	0.151334
43	6.062123	0.153511
44	5.936028	0.155133
45	5.923108	0.155302
46	5.770104	0.157347
47	5.715148	0.158102
48	5.706635	0.158220
49	5.652489	0.158976
50	5.534519	0.160661
51	5.497168	0.161206
52	5.421800	0.162323
53	5.360621	0.163246
54	5.271532	0.164620
55	5.192162	0.165873
56	5.104211	0.167296
57	5.327876	0.163747
58	5.308975	0.164038
59	5.214936	0.165511
60	5.071599	0.167833
61	5.024821	0.168613
62	4.970806	0.169526
63	4.871917	0.171238
64	4.389139	0.180410
65	4.364003	0.180929
66	4.334489	0.181544
67	4.321294	0.181821
68	4.264692	0.183024
69	4.236177	0.183639
70	4.244401	0.183461
71	4.163342	0.185238
72	3.967590	0.189753
73	3.903406	0.191306
74	3.914879	0.191026
75	3.951244	0.190145
76	3.856214	0.192473
77	3.784190	0.194296
78	3.761200	0.194889
79	3.713572	0.196135
80	3.591432	0.199442
81	3.405953	0.204801
82	3.030810	0.217106
83	3.058050	0.216137
84	2.841590	0.224218
85	2.618417	0.233578
86	2.520032	0.238094
87	2.772589	0.226991
88	2.679033	0.230920
89	2.790306	0.226269
90	2.833213	0.224549
91	2.754552	0.227733
92	2.816247	0.225225
93	2.824766	0.224885
94	2.423563	0.242786
95	2.384810	0.244751
96	2.181208	0.255919
97	2.097159	0.260997
98	2.061405	0.263251
99	1.966133	0.269553
100	1.882666	0.275464
101	2.197225	0.254984
102	2.148384	0.257867
103	2.423563	0.242786
104	2.460785	0.240943
105	2.448502	0.241547
106	2.484907	0.239771
107	2.484907	0.239771
108	2.330784	0.247571
109	2.531393	0.237559
110	2.288182	0.249865
111	2.228508	0.253188
112	2.228508	0.253188
113	2.384810	0.244751
114	2.564949	0.236000
115	2.679033	0.230920
116	2.669240	0.231343
117	2.726937	0.228883
118	2.936884	0.220550
119	3.002857	0.218114
120	2.944439	0.220267
121	3.002857	0.218114
122	2.988557	0.218635
123	2.936884	0.220550
124	2.906136	0.221714
125	2.936884	0.220550
126	2.966767	0.219437
127	2.906136	0.221714
128	2.799048	0.225915
129	2.833213	0.224549
130	2.849897	0.223891
131	2.890372	0.222318
132	2.898285	0.222014
133	2.866250	0.223251
134	3.357385	0.206277
135	3.447731	0.203556
136	3.534737	0.201035
137	3.692448	0.196695
138	3.809835	0.193641
139	3.834840	0.193009
140	3.942959	0.190344
141	3.897640	0.191448
142	4.057974	0.187627
143	4.336362	0.181505
144	4.364003	0.180929
145	4.382027	0.180557
146	4.360369	0.181004
147	4.336362	0.181505
148	4.376650	0.180668
149	4.317488	0.181901
150	4.358540	0.181042
151	4.354874	0.181119
152	4.354874	0.181119
153	4.602306	0.176183
154	4.617948	0.175884
155	4.670152	0.174898
156	4.687404	0.174576
157	4.629170	0.175671
158	4.622165	0.175804
159	4.742442	0.173560
160	4.608026	0.176073
161	4.758501	0.173267
162	4.709530	0.174166
163	4.767042	0.173112
164	4.753590	0.173356
165	4.727388	0.173836
166	4.598005	0.176265
167	4.768258	0.173090
168	4.675498	0.174798
169	4.678151	0.174749
170	4.640257	0.175461
171	4.756053	0.173312
172	4.869732	0.171277
173	4.924140	0.170328
174	5.015384	0.168771
175	5.010635	0.168851
176	5.105078	0.167282
177	5.199287	0.165760
178	5.140827	0.166700
179	5.234157	0.165207
180	5.311090	0.164006
181	5.346426	0.163463
182	5.453486	0.161850
183	5.470467	0.161599
184	5.492473	0.161275
185	5.554067	0.160378
186	5.628649	0.159312
187	5.618845	0.159451
188	5.601063	0.159704
189	5.590987	0.159848
190	5.640385	0.159146
191	5.676754	0.158636
192	5.665932	0.158787
193	5.683093	0.158547
194	5.775439	0.157275
195	5.793014	0.157036
196	5.870104	0.156001
197	5.918509	0.155362
198	5.972717	0.154655
199	6.095825	0.153086
200	6.074359	0.153356
201	6.116208	0.152830
202	6.135255	0.152593
203	6.194114	0.151866
204	6.211461	0.151654
205	6.253829	0.151140
206	6.359574	0.149878
207	6.465034	0.148650
208	6.530878	0.147899
209	6.607808	0.147036
210	6.695093	0.146074
211	6.809197	0.144845
212	6.867528	0.144228
213	6.902599	0.143862
214	6.967909	0.143186
215	6.995504	0.142903
216	7.053339	0.142316
217	7.063415	0.142214
218	7.047144	0.142378
219	7.020318	0.142650
220	6.967371	0.143191
221	6.931192	0.143564
222	6.918271	0.143698
223	6.835338	0.144568
224	6.755602	0.145418
225	6.723317	0.145767
226	6.719359	0.145810
227	6.638568	0.146694
228	6.545760	0.147731
229	6.505784	0.148184
230	6.416031	0.149217
231	6.360316	0.149869
232	6.283333	0.150784
233	6.208590	0.151689
234	6.185326	0.151974
235	6.183264	0.151999
236	6.029653	0.153923
237	6.006001	0.154226
238	5.978524	0.154580
239	5.911959	0.155448
240	5.902243	0.155576
241	5.944297	0.155025
242	5.881731	0.155847
243	5.953986	0.154898
244	5.990391	0.154427
245	5.995384	0.154363
246	6.006001	0.154226
247	5.956208	0.154870
248	5.923873	0.155292
249	5.901072	0.155591
250	5.818387	0.156693
251	5.770104	0.157347
252	5.717498	0.158069
253	5.665437	0.158794
254	5.602119	0.159689
255	5.549076	0.160450
256	5.538460	0.160604
257	5.567799	0.160180
258	5.586713	0.159909
259	5.592586	0.159825
260	5.512275	0.160985
261	5.545177	0.160507
262	5.657986	0.158899
263	5.657491	0.158906
264	5.616251	0.159488
