0	3.575543	0.199885
1	3.730837	0.195681
2	3.803480	0.193803
3	3.951244	0.190145
4	3.988984	0.189243
5	3.999503	0.188994
6	4.020231	0.188506
7	3.945729	0.190277
8	3.972986	0.189624
9	4.079958	0.187121
10	4.048056	0.187857
11	4.113215	0.186363
12	4.215293	0.184093
13	4.185312	0.184751
14	4.183134	0.184799
15	4.140862	0.185740
16	4.022795	0.188446
17	3.903406	0.191306
18	3.681704	0.196982
19	3.415396	0.204517
20	3.362353	0.206124
21	3.367296	0.205973
22	3.327084	0.207214
23	3.285188	0.208531
24	3.332205	0.207055
25	3.362353	0.206124
26	3.429364	0.204101
27	3.547143	0.200683
28	3.474634	0.202767
29	3.575543	0.199885
30	3.692448	0.196695
31	3.663562	0.197469
32	3.840978	0.192855
33	3.972986	0.189624
34	4.065362	0.187457
35	4.152157	0.185487
36	4.176585	0.184944
37	4.219508	0.184001
38	4.266700	0.182981
39	4.274678	0.182810
40	4.221608	0.183955
41	4.180966	0.184847
42	4.163342	0.185238
43	4.185312	0.184751
44	4.208952	0.184232
45	4.211075	0.184185
46	4.232032	0.183728
47	4.367636	0.180854
48	4.451016	0.179152
49	4.434216	0.179491
50	4.418841	0.179803
51	4.510860	0.177960
52	4.655321	0.175177
53	4.602306	0.176183
54	4.593674	0.176348
55	4.652598	0.175228
56	4.701780	0.174309
57	4.973771	0.169476
58	5.024821	0.168613
59	5.036953	0.168410
60	5.174533	0.166156
61	5.306142	0.164082
62	5.419269	0.162361
63	5.608424	0.159599
64	5.607378	0.159614
65	5.639880	0.159153
66	5.766535	0.157396
67	5.893615	0.155690
68	6.071398	0.153393
69	6.180609	0.152032
70	6.341366	0.150093
71	6.554950	0.147627
72	6.741363	0.145572
73	6.850882	0.144404
74	6.890609	0.143987
75	6.942295	0.143450
76	7.020446	0.142649
77	7.031741	0.142534
78	7.022613	0.142627
79	7.021467	0.142639
80	7.020318	0.142650
81	7.093879	0.141909
82	7.141132	0.141438
83	7.163725	0.141215
84	7.221731	0.140647
85	7.291267	0.139975
86	7.328250	0.139621
87	7.392032	0.139017
88	7.430114	0.138661
89	7.483405	0.138166
90	7.558741	0.137476
91	7.589480	0.137197
92	7.603755	0.137068
93	7.638336	0.136758
94	7.634268	0.136794
95	7.643346	0.136713
96	7.657958	0.136582
97	7.640741	0.136736
98	7.658295	0.136579
99	7.676010	0.136422
100	7.675015	0.136430
101	7.678128	0.136403
102	7.708603	0.136133
103	7.729296	0.135951
104	7.728416	0.135958
105	7.761562	0.135668
106	7.785602	0.135458
107	7.796646	0.135362
108	7.821758	0.135145
109	7.798347	0.135347
110	7.760650	0.135676
111	7.767385	0.135617
112	7.716206	0.136066
113	7.671627	0.136461
114	7.671494	0.136462
115	7.667091	0.136501
116	7.696343	0.136241
117	7.734309	0.135906
118	7.739297	0.135863
119	7.767627	0.135615
120	7.815611	0.135198
121	7.824160	0.135124
122	7.846199	0.134934
123	7.861782	0.134800
124	7.876096	0.134678
125	7.908229	0.134404
126	7.952464	0.134029
127	7.913155	0.134362
128	7.912528	0.134367
129	7.922002	0.134287
130	7.926603	0.134248
131	7.919668	0.134307
132	7.924021	0.134270
133	7.929949	0.134220
134	7.991254	0.133704
135	8.004652	0.133592
136	8.039756	0.133300
137	8.065220	0.133089
138	8.092108	0.132868
139	8.126223	0.132589
140	8.149272	0.132401
141	8.188451	0.132084
142	8.250844	0.131584
143	8.240272	0.131668
144	8.283783	0.131322
145	8.307036	0.131138
146	8.312451	0.131095
147	8.322047	0.131019
148	8.310591	0.131110
149	8.272753	0.131409
150	8.288750	0.131282
151	8.266458	0.131459
152	8.257015	0.131534
153	8.244184	0.131637
154	8.240008	0.131670
155	8.235058	0.131710
156	8.251589	0.131578
157	8.255791	0.131544
158	8.234868	0.131711
159	8.238990	0.131678
160	8.279806	0.131353
161	8.310450	0.131111
162	8.338511	0.130890
163	8.335774	0.130912
164	8.354674	0.130763
165	8.403544	0.130383
166	8.413007	0.130309
167	8.407984	0.130348
168	8.382747	0.130544
169	8.365007	0.130683
170	8.361007	0.130714
171	8.356152	0.130752
172	8.333408	0.130930
173	8.337314	0.130899
174	8.328002	0.130973
175	8.329762	0.130959
176	8.322880	0.131013
177	8.319648	0.131038
178	8.307459	0.131134
179	8.324925	0.130997
180	8.348808	0.130809
181	8.353699	0.130771
182	8.363342	0.130696
183	8.375366	0.130602
184	8.376781	0.130591
185	8.386433	0.130516
186	8.386433	0.130516
187	8.374510	0.130608
188	8.375235	0.130603
189	8.381537	0.130554
190	8.361775	0.130708
191	8.352689	0.130779
192	8.342261	0.130861
193	8.323296	0.131010
194	8.296297	0.131223
195	8.261084	0.131502
196	8.201347	0.131980
197	8.147909	0.132412
198	8.105523	0.132758
199	8.074827	0.133010
200	8.063603	0.133103
201	8.060630	0.133127
202	8.063558	0.133103
203	8.076382	0.132997
204	8.114581	0.132684
205	8.152486	0.132375
206	8.190315	0.132069
207	8.190275	0.132069
208	8.182719	0.132130
209	8.195097	0.132030
210	8.206233	0.131941
211	8.205570	0.131946
212	8.183637	0.132123
213	8.169458	0.132237
214	8.193045	0.132047
215	8.207791	0.131928
216	8.204086	0.131958
217	8.168000	0.132249
218	8.117866	0.132657
219	8.122286	0.132621
220	8.110427	0.132718
221	8.070370	0.133047
222	8.049199	0.133222
223	8.044489	0.133261
224	8.075627	0.133003
225	8.114111	0.132688
226	8.108623	0.132733
227	8.098730	0.132814
228	8.097948	0.132820
229	8.081475	0.132955
230	8.063513	0.133103
231	8.023225	0.133437
232	8.001403	0.133619
233	7.987282	0.133737
234	7.947981	0.134067
235	7.916391	0.134334
236	7.871148	0.134720
237	7.819464	0.135164
238	7.810990	0.135238
239	7.773655	0.135562
240	7.744941	0.135813
241	7.729107	0.135952
242	7.686162	0.136331
243	7.691983	0.136280
244	7.699066	0.136217
245	7.699195	0.136216
246	7.687473	0.136320
247	7.677467	0.136409
248	7.676010	0.136422
249	7.671095	0.136465
250	7.638818	0.136753
251	7.607807	0.137032
252	7.557622	0.137486
253	7.579168	0.137290
254	7.583974	0.137247
255	7.562013	0.137446
