0	3.474634	0.202767
1	3.819272	0.193402
2	4.163342	0.185238
3	4.534136	0.177502
4	4.820282	0.172153
5	5.025760	0.168597
6	5.392977	0.162756
7	5.553514	0.160386
8	5.741171	0.157743
9	5.931107	0.155197
10	6.125932	0.152709
11	6.283068	0.150787
12	6.521042	0.148010
13	6.698972	0.146032
14	6.926998	0.143608
15	6.996159	0.142896
16	7.199678	0.140862
17	7.382658	0.139106
18	7.528639	0.137750
19	7.687997	0.136315
20	7.816705	0.135188
21	7.896127	0.134507
22	8.023225	0.133437
23	8.108193	0.132736
24	8.216937	0.131855
25	8.341512	0.130867
26	8.440651	0.130096
27	8.499640	0.129643
28	8.543891	0.129307
29	8.590709	0.128954
30	8.616987	0.128758
31	8.639512	0.128590
32	8.637563	0.128604
33	8.622685	0.128715
34	8.613827	0.128781
35	8.594472	0.128926
36	8.562330	0.129168
37	8.550573	0.129257
38	8.507230	0.129586
39	8.468273	0.129883
40	8.432569	0.130158
41	8.404152	0.130378
42	8.389620	0.130491
43	8.356152	0.130752
44	8.323886	0.131005
45	8.307671	0.131133
46	8.285081	0.131311
47	8.281073	0.131343
48	8.272936	0.131408
49	8.256533	0.131538
50	8.254046	0.131558
51	8.209619	0.131914
52	8.193242	0.132045
53	8.174985	0.132193
54	8.125377	0.132596
55	8.080193	0.132966
56	8.039710	0.133300
57	8.028455	0.133394
58	8.060675	0.133127
59	8.007890	0.133565
60	7.985193	0.133754
61	7.928458	0.134232
62	7.890529	0.134554
63	7.862497	0.134794
64	7.826785	0.135101
65	7.750799	0.135762
66	7.702040	0.136191
67	7.631432	0.136819
68	7.599258	0.137109
69	7.530020	0.137738
70	7.489492	0.138110
71	7.404888	0.138897
72	7.347484	0.139438
73	7.303170	0.139861
74	7.239830	0.140471
75	7.152381	0.141327
76	7.084466	0.142003
77	7.025665	0.142596
78	7.066345	0.142185
79	6.996159	0.142896
80	6.941190	0.143461
81	6.863953	0.144266
82	6.832416	0.144599
83	6.812660	0.144808
84	6.765534	0.145311
85	6.663498	0.146420
86	6.621977	0.146878
87	6.553120	0.147648
88	6.524820	0.147968
89	6.480702	0.148470
90	6.448663	0.148839
91	6.413928	0.149241
92	6.311475	0.150448
93	6.290246	0.150701
94	6.277181	0.150858
95	6.239997	0.151307
96	6.166917	0.152201
97	6.105750	0.152961
98	6.073374	0.153368
99	6.047034	0.153702
100	5.953986	0.154898
101	5.786459	0.157125
102	5.787336	0.157113
103	5.721249	0.158018
104	5.655492	0.158934
105	5.694695	0.158386
106	5.677733	0.158622
107	5.617811	0.159466
108	5.717498	0.158069
109	5.535084	0.160653
110	5.577032	0.160048
111	5.650484	0.159004
112	5.660976	0.158857
113	5.624018	0.159378
114	5.686975	0.158493
115	5.663457	0.158822
116	5.495995	0.161223
117	5.446737	0.161951
118	5.373953	0.163044
119	5.319521	0.163876
120	5.249279	0.164969
121	5.420535	0.162342
122	5.398163	0.162678
123	5.629673	0.159298
124	5.582959	0.159963
125	5.555723	0.160354
126	5.501842	0.161138
127	5.518601	0.160893
128	5.261949	0.164770
129	5.188982	0.165924
130	5.163150	0.166339
131	5.211048	0.165573
132	5.224978	0.165352
133	5.286098	0.164393
134	5.282478	0.164449
135	5.290431	0.164326
136	5.299746	0.164181
137	5.336850	0.163609
138	5.304016	0.164115
139	5.333409	0.163662
140	5.306142	0.164082
141	5.289710	0.164337
142	5.267121	0.164689
143	5.278844	0.164506
144	5.245518	0.165028
145	5.290431	0.164326
146	5.278844	0.164506
147	5.294023	0.164270
148	5.304016	0.164115
149	5.384495	0.162884
150	5.433097	0.162154
151	5.446121	0.161960
152	5.461409	0.161733
153	5.483015	0.161414
154	5.469869	0.161608
155	5.513429	0.160968
156	5.518027	0.160901
157	5.560682	0.160283
158	5.628135	0.159319
159	5.638863	0.159168
160	5.630699	0.159283
161	5.626077	0.159349
162	5.619883	0.159436
163	5.668401	0.158753
164	5.677733	0.158622
165	5.758902	0.157500
166	5.782067	0.157184
167	5.876533	0.155916
168	5.915817	0.155397
169	5.997871	0.154331
170	6.029998	0.153919
171	6.070738	0.153402
172	6.077970	0.153310
173	6.166319	0.152208
174	6.170508	0.152157
175	6.188558	0.151934
176	6.185326	0.151974
177	6.233010	0.151392
178	6.318453	0.150365
179	6.410175	0.149285
180	6.508982	0.148148
181	6.653784	0.146527
182	6.764050	0.145327
183	6.839476	0.144524
184	6.944501	0.143427
185	7.019935	0.142654
186	7.083388	0.142014
187	7.127121	0.141577
188	7.144858	0.141402
189	7.149692	0.141354
190	7.160735	0.141245
191	7.156288	0.141289
192	7.154950	0.141302
193	7.184846	0.141008
194	7.211557	0.140746
195	7.204256	0.140817
196	7.220478	0.140659
197	7.260824	0.140268
198	7.271207	0.140168
199	7.290877	0.139978
200	7.279516	0.140088
201	7.260322	0.140273
202	7.276260	0.140119
203	7.262128	0.140255
204	7.247996	0.140392
205	7.250230	0.140370
206	7.248809	0.140384
207	7.277939	0.140103
208	7.291267	0.139975
209	7.303939	0.139853
210	7.336286	0.139545
211	7.351250	0.139402
212	7.368340	0.139241
213	7.386471	0.139070
214	7.386913	0.139066
215	7.407231	0.138875
216	7.422630	0.138731
217	7.434848	0.138617
218	7.456207	0.138418
219	7.473393	0.138259
220	7.533388	0.137707
221	7.577268	0.137308
222	7.646081	0.136688
223	7.700037	0.136209
224	7.748214	0.135784
225	7.809773	0.135248
226	7.910433	0.134385
227	8.005844	0.133582
228	8.134132	0.132524
229	8.248118	0.131605
230	8.350329	0.130797
231	8.427050	0.130201
232	8.523005	0.129466
233	8.621785	0.128722
234	8.727778	0.127938
235	8.829728	0.127197
236	8.932929	0.126460
237	9.044303	0.125679
238	9.120869	0.125151
239	9.195691	0.124640
240	9.303688	0.123915
241	9.394137	0.123317
242	9.497215	0.122646
243	9.586553	0.122073
244	9.676237	0.121506
245	9.742740	0.121091
246	9.831907	0.120540
247	9.904330	0.120099
248	9.978257	0.119653
249	10.054398	0.119199
250	10.126180	0.118776
251	10.174349	0.118494
252	10.202528	0.118331
253	10.235106	0.118142
254	10.263213	0.117980
255	10.300748	0.117765
256	10.332516	0.117584
257	10.369286	0.117375
258	10.381357	0.117307
259	10.394628	0.117232
260	10.424125	0.117066
261	10.434313	0.117009
262	10.448806	0.116928
263	10.461559	0.116856
264	10.451039	0.116915
265	10.456654	0.116884
266	10.465175	0.116836
267	10.453296	0.116903
268	10.458718	0.116872
269	10.451307	0.116914
270	10.436063	0.116999
271	10.425588	0.117058
272	10.401397	0.117194
273	10.382000	0.117303
274	10.341512	0.117533
275	10.301890	0.117759
276	10.266875	0.117959
277	10.221682	0.118220
278	10.176786	0.118480
279	10.134089	0.118729
280	10.096225	0.118952
281	10.073104	0.119088
282	10.041608	0.119275
283	10.004973	0.119493
284	9.977282	0.119659
285	9.941739	0.119873
286	9.929573	0.119946
287	9.910626	0.120061
