0	3.410686	0.204659
1	3.645084	0.197969
2	3.777668	0.194464
3	3.951244	0.190145
4	4.077537	0.187177
5	4.156646	0.185387
6	4.115551	0.186310
7	4.124825	0.186101
8	4.154404	0.185437
9	4.302131	0.182226
10	4.349361	0.181233
11	4.389139	0.180410
12	4.394449	0.180301
13	4.485418	0.178464
14	4.555381	0.177088
15	4.541772	0.177353
16	4.493445	0.178304
17	4.515563	0.177867
18	4.520233	0.177775
19	4.610864	0.176019
20	4.672829	0.174848
21	4.866434	0.171335
22	5.071599	0.167833
23	5.092873	0.167483
24	5.139152	0.166727
25	5.211048	0.165573
26	5.240233	0.165111
27	5.313910	0.163962
28	5.212602	0.165548
29	5.139152	0.166727
30	5.154118	0.166485
31	5.152465	0.166511
32	5.033238	0.168472
33	5.003946	0.168964
34	4.828314	0.172010
35	4.805192	0.172423
36	4.752357	0.173379
37	4.777921	0.172915
38	4.785106	0.172785
39	4.892497	0.170878
40	4.928289	0.170256
41	5.045269	0.168271
42	5.079626	0.167701
43	5.094627	0.167454
44	5.128205	0.166905
45	5.110263	0.167197
46	5.167234	0.166273
47	5.143335	0.166659
48	5.060783	0.168013
49	5.019172	0.168708
50	4.901036	0.170729
51	4.776717	0.172936
52	4.747416	0.173469
53	4.562857	0.176943
54	4.459323	0.178985
55	4.485418	0.178464
56	4.457667	0.179018
57	4.576184	0.176685
58	4.553877	0.177117
59	4.387375	0.180447
60	4.417116	0.179838
61	4.371256	0.180779
62	4.202556	0.184372
63	4.122511	0.186153
64	3.999503	0.188994
65	3.978354	0.189496
66	3.978354	0.189496
67	3.761200	0.194889
68	3.720523	0.195952
69	3.825528	0.193244
70	3.940202	0.190411
71	3.931826	0.190614
72	3.970292	0.189688
73	4.087169	0.186956
74	4.204693	0.184325
75	4.401474	0.180157
76	4.427406	0.179629
77	4.334489	0.181544
78	4.343805	0.181349
79	4.347513	0.181272
80	4.397974	0.180229
81	4.422280	0.179733
82	4.256619	0.183197
83	4.246450	0.183416
84	4.340084	0.181427
85	4.964843	0.169628
86	5.098994	0.167382
87	5.130745	0.166863
88	5.214158	0.165523
89	5.307560	0.164060
90	5.608948	0.159592
91	5.778980	0.157226
92	5.664941	0.158801
93	5.673815	0.158677
94	5.691808	0.158426
95	5.712316	0.158141
96	5.745289	0.157687
97	5.509388	0.161027
98	5.451038	0.161887
99	5.465648	0.161670
100	5.627107	0.159334
101	5.733341	0.157851
102	5.698532	0.158332
103	5.691325	0.158433
104	5.720312	0.158031
105	5.708534	0.158194
106	5.674796	0.158663
107	5.504168	0.161104
108	5.387111	0.162844
109	5.404608	0.162581
110	5.360621	0.163246
111	5.361292	0.163236
112	5.344385	0.163494
113	5.296886	0.164226
114	5.349148	0.163421
115	5.361292	0.163236
116	5.447969	0.161932
117	5.459586	0.161760
118	5.492473	0.161275
119	5.503586	0.161112
120	5.707585	0.158207
121	5.928828	0.155227
122	6.074359	0.153356
123	6.163315	0.152245
124	6.255201	0.151123
125	6.409000	0.149299
126	6.570282	0.147455
127	6.664409	0.146410
128	6.642673	0.146649
129	6.621786	0.146880
130	6.631249	0.146775
131	6.724862	0.145750
132	6.800329	0.144939
133	6.815797	0.144775
134	6.808724	0.144850
135	6.906612	0.143820
136	7.003065	0.142826
137	7.024522	0.142608
138	7.038533	0.142466
139	7.065247	0.142196
140	7.077016	0.142078
141	7.111162	0.141736
142	7.160180	0.141250
143	7.186685	0.140989
144	7.212611	0.140736
145	7.224441	0.140621
146	7.225586	0.140609
147	7.234280	0.140525
148	7.265030	0.140227
149	7.243717	0.140433
150	7.250331	0.140369
151	7.233352	0.140534
152	7.236545	0.140503
153	7.218491	0.140679
154	7.207542	0.140785
155	7.185604	0.141000
156	7.185819	0.140998
157	7.164610	0.141207
158	7.195937	0.140899
159	7.186793	0.140988
160	7.222462	0.140640
161	7.241161	0.140458
162	7.275964	0.140122
163	7.274777	0.140133
164	7.359286	0.139326
165	7.376865	0.139160
166	7.441739	0.138552
167	7.481556	0.138183
168	7.520002	0.137829
169	7.571326	0.137361
170	7.620355	0.136919
171	7.621545	0.136908
172	7.630669	0.136826
173	7.643072	0.136715
174	7.610711	0.137006
175	7.652207	0.136634
176	7.674352	0.136436
177	7.694978	0.136253
178	7.673688	0.136442
179	7.664280	0.136526
180	7.671361	0.136463
181	7.717224	0.136057
182	7.708795	0.136131
183	7.686949	0.136325
184	7.697835	0.136228
185	7.730802	0.135937
186	7.733684	0.135912
187	7.724194	0.135995
188	7.728793	0.135955
189	7.730990	0.135936
190	7.737118	0.135882
191	7.733621	0.135913
192	7.708282	0.136136
193	7.708346	0.136135
194	7.738488	0.135870
195	7.757356	0.135704
196	7.789691	0.135423
197	7.842896	0.134962
198	7.885705	0.134596
199	7.913208	0.134361
200	7.909752	0.134391
201	7.942362	0.134115
202	7.972909	0.133857
203	7.991834	0.133699
204	7.994391	0.133677
205	8.009695	0.133550
206	8.017166	0.133487
207	8.052342	0.133196
208	8.055475	0.133170
209	8.064052	0.133099
210	8.100855	0.132796
211	8.108924	0.132730
212	8.120971	0.132632
213	8.133587	0.132529
214	8.139732	0.132479
215	8.169862	0.132234
216	8.186226	0.132102
217	8.192926	0.132048
218	8.175829	0.132186
219	8.165526	0.132269
220	8.183238	0.132126
221	8.193637	0.132042
222	8.213459	0.131883
223	8.279371	0.131357
224	8.326137	0.130987
225	8.397605	0.130429
226	8.461409	0.129936
227	8.495152	0.129678
228	8.513787	0.129536
229	8.534191	0.129381
230	8.526181	0.129442
231	8.541746	0.129324
232	8.545003	0.129299
233	8.546086	0.129291
234	8.556304	0.129213
235	8.551953	0.129246
236	8.557485	0.129205
237	8.555562	0.129219
238	8.509535	0.129568
239	8.485968	0.129748
240	8.450779	0.130018
241	8.420179	0.130254
242	8.406708	0.130358
243	8.360472	0.130718
244	8.346608	0.130827
245	8.333614	0.130929
246	8.329693	0.130959
247	8.319648	0.131038
248	8.324371	0.131001
249	8.322498	0.131016
250	8.305308	0.131151
251	8.282700	0.131330
252	8.291905	0.131257
253	8.270342	0.131428
254	8.259532	0.131514
255	8.214311	0.131876
256	8.174783	0.132194
