0	3.563486	0.200223
1	3.771127	0.194633
2	3.906287	0.191236
3	3.996897	0.189056
4	4.290459	0.182473
5	4.517115	0.177836
6	4.717221	0.174023
7	4.918937	0.170418
8	5.116280	0.167099
9	5.296886	0.164226
10	5.572698	0.160110
11	5.712788	0.158135
12	5.958055	0.154846
13	6.097431	0.153066
14	6.205135	0.151731
15	6.311216	0.150451
16	6.467477	0.148622
17	6.602782	0.147091
18	6.735950	0.145630
19	6.846336	0.144451
20	7.011858	0.142736
21	7.142601	0.141424
22	7.301822	0.139873
23	7.445501	0.138517
24	7.572282	0.137353
25	7.722994	0.136006
26	7.841437	0.134975
27	7.962117	0.133948
28	8.106385	0.132751
29	8.260751	0.131505
30	8.321978	0.131020
31	8.416931	0.130279
32	8.473659	0.129842
33	8.512468	0.129546
34	8.562276	0.129168
35	8.594022	0.128930
36	8.601954	0.128870
37	8.651374	0.128502
38	8.670405	0.128360
39	8.685126	0.128252
40	8.739765	0.127850
41	8.786326	0.127511
42	8.863131	0.126957
43	8.945965	0.126368
44	9.024372	0.125818
45	9.085943	0.125391
46	9.159498	0.124886
47	9.219753	0.124478
48	9.258150	0.124219
49	9.274281	0.124111
50	9.279347	0.124077
51	9.293578	0.123982
52	9.304000	0.123913
53	9.297068	0.123959
54	9.280466	0.124070
55	9.279120	0.124079
56	9.257319	0.124225
57	9.239400	0.124345
58	9.200781	0.124606
59	9.176902	0.124768
60	9.158054	0.124896
61	9.140975	0.125013
62	9.114537	0.125194
63	9.118209	0.125169
64	9.100669	0.125289
65	9.100988	0.125287
66	9.095426	0.125326
67	9.088576	0.125373
68	9.080834	0.125426
69	9.075584	0.125462
70	9.067674	0.125517
71	9.078636	0.125441
72	9.071095	0.125493
73	9.070158	0.125500
74	9.073293	0.125478
75	9.080671	0.125427
76	9.083043	0.125411
77	9.081321	0.125423
78	9.076482	0.125456
79	9.084372	0.125402
80	9.079971	0.125432
81	9.077756	0.125447
82	9.077005	0.125453
83	9.080964	0.125425
84	9.078538	0.125442
85	9.075894	0.125460
86	9.063513	0.125546
87	9.057772	0.125586
88	9.048258	0.125652
89	9.031231	0.125770
90	9.014169	0.125889
91	8.999690	0.125990
92	8.980244	0.126127
93	8.968833	0.126207
94	8.953659	0.126314
95	8.941415	0.126400
96	8.928868	0.126489
97	8.906219	0.126650
98	8.886133	0.126793
99	8.867528	0.126926
100	8.849186	0.127057
101	8.834108	0.127166
102	8.821227	0.127258
103	8.813757	0.127312
104	8.812099	0.127324
105	8.807408	0.127358
106	8.806018	0.127368
107	8.803574	0.127386
108	8.796685	0.127436
109	8.796339	0.127438
110	8.790682	0.127479
111	8.788789	0.127493
112	8.787983	0.127499
113	8.785103	0.127520
114	8.783834	0.127529
115	8.781139	0.127549
116	8.778414	0.127568
117	8.776740	0.127581
118	8.771570	0.127618
119	8.763294	0.127678
120	8.752265	0.127759
121	8.738392	0.127860
122	8.728912	0.127930
123	8.715880	0.128025
124	8.702083	0.128127
125	8.687490	0.128234
126	8.678267	0.128302
127	8.669595	0.128366
128	8.662357	0.128420
129	8.651224	0.128503
130	8.641154	0.128578
131	8.632382	0.128643
132	8.624432	0.128702
133	8.614009	0.128780
134	8.604785	0.128849
135	8.598404	0.128897
136	8.591558	0.128948
137	8.584558	0.129001
138	8.577993	0.129050
139	8.570517	0.129106
140	8.563886	0.129156
141	8.557540	0.129204
142	8.549743	0.129263
143	8.543390	0.129311
144	8.539709	0.129339
145	8.533488	0.129386
146	8.528557	0.129424
147	8.524169	0.129457
148	8.517222	0.129510
149	8.510284	0.129562
150	8.505265	0.129601
151	8.497603	0.129659
152	8.490292	0.129715
153	8.485054	0.129755
154	8.480025	0.129793
155	8.476639	0.129819
156	8.472136	0.129854
157	8.469772	0.129872
158	8.465328	0.129906
159	8.462556	0.129927
160	8.460139	0.129946
161	8.459625	0.129950
162	8.462646	0.129927
163	8.469982	0.129870
164	8.470910	0.129863
165	8.478393	0.129806
166	8.486763	0.129742
167	8.495736	0.129673
168	8.504484	0.129607
169	8.510255	0.129563
170	8.515249	0.129525
171	8.525218	0.129449
172	8.533095	0.129389
173	8.542945	0.129314
174	8.552836	0.129240
175	8.560034	0.129185
176	8.567234	0.129131
177	8.575570	0.129068
178	8.586693	0.128985
179	8.598352	0.128897
180	8.607713	0.128827
181	8.617633	0.128753
182	8.631848	0.128647
183	8.649073	0.128519
184	8.665860	0.128394
185	8.682320	0.128272
186	8.699562	0.128145
187	8.718944	0.128003
188	8.749053	0.127782
189	8.781621	0.127545
190	8.818673	0.127277
191	8.858775	0.126988
192	8.898970	0.126701
193	8.938007	0.126424
194	8.981071	0.126121
195	9.019526	0.125852
196	9.058753	0.125579
197	9.101259	0.125285
198	9.143849	0.124993
199	9.193761	0.124653
200	9.230969	0.124402
201	9.265491	0.124170
202	9.301016	0.123933
203	9.338633	0.123683
204	9.376436	0.123433
205	9.407984	0.123226
206	9.433552	0.123059
207	9.467924	0.122835
208	9.492044	0.122679
209	9.523534	0.122476
210	9.544514	0.122342
211	9.558348	0.122253
212	9.582633	0.122098
213	9.606159	0.121948
214	9.619560	0.121863
215	9.639736	0.121736
216	9.659440	0.121612
217	9.673535	0.121523
218	9.687710	0.121434
219	9.699210	0.121362
220	9.701258	0.121349
221	9.705115	0.121325
222	9.719934	0.121233
223	9.727713	0.121184
224	9.741027	0.121101
225	9.757603	0.120998
226	9.764759	0.120954
227	9.781756	0.120849
228	9.810361	0.120673
229	9.823586	0.120591
230	9.841840	0.120479
231	9.858976	0.120375
232	9.872822	0.120290
233	9.898705	0.120133
234	9.915317	0.120032
235	9.916023	0.120028
236	9.931540	0.119934
237	9.940866	0.119878
238	9.956785	0.119782
239	9.970672	0.119699
240	9.977229	0.119659
241	9.986712	0.119602
242	9.994138	0.119558
243	10.007127	0.119480
244	10.022096	0.119391
245	10.035311	0.119312
246	10.047644	0.119239
247	10.061943	0.119154
248	10.073375	0.119087
249	10.089374	0.118992
250	10.100334	0.118928
251	10.118979	0.118818
252	10.131971	0.118742
253	10.143808	0.118673
254	10.150275	0.118635
255	10.161590	0.118569
256	10.170653	0.118516
257	10.184954	0.118433
258	10.183935	0.118439
259	10.192751	0.118387
260	10.205036	0.118316
261	10.214249	0.118263
