0	3.447731	0.203556
1	3.487803	0.202383
2	3.637586	0.198173
3	3.730837	0.195681
4	3.816151	0.193481
5	3.877142	0.191953
6	3.903406	0.191306
7	3.967590	0.189753
8	4.017661	0.188566
9	3.967590	0.189753
10	3.962165	0.189882
11	3.964881	0.189817
12	3.956729	0.190013
13	3.999503	0.188994
14	4.012520	0.188687
15	4.196134	0.184513
16	4.260664	0.183110
17	4.373062	0.180742
18	4.488636	0.178400
19	4.812184	0.172298
20	4.955827	0.169782
21	5.066202	0.167923
22	5.163150	0.166339
23	5.395576	0.162717
24	5.533389	0.160678
25	5.692287	0.158419
26	5.884912	0.155805
27	6.040935	0.153780
28	6.268283	0.150965
29	6.362043	0.149849
30	6.590301	0.147231
31	6.732211	0.145671
32	6.824684	0.144680
33	6.871536	0.144186
34	6.911320	0.143771
35	6.864102	0.144264
36	6.912885	0.143754
37	6.819548	0.144735
38	6.724176	0.145758
39	6.666593	0.146386
40	6.569481	0.147464
41	6.576470	0.147385
42	6.541854	0.147775
43	6.483763	0.148435
44	6.433170	0.149018
45	6.456770	0.148745
46	6.478510	0.148496
47	6.524192	0.147975
48	6.489205	0.148373
49	6.553526	0.147643
50	6.597146	0.147154
51	6.580044	0.147345
52	6.622166	0.146876
53	6.600454	0.147117
54	6.602588	0.147094
55	6.607422	0.147040
56	6.550264	0.147680
57	6.509833	0.148138
58	6.470578	0.148587
59	6.378426	0.149656
60	6.352629	0.149960
61	6.273954	0.150897
62	6.224558	0.151494
63	6.273416	0.150903
64	6.236649	0.151348
65	6.247490	0.151216
66	6.228511	0.151446
67	6.218030	0.151574
68	6.196444	0.151838
69	6.195570	0.151848
70	6.155162	0.152346
71	6.146023	0.152459
72	6.165418	0.152219
73	6.212606	0.151640
74	6.222860	0.151515
75	6.262853	0.151031
76	6.162713	0.152253
77	6.112733	0.152874
78	6.069087	0.153423
79	6.061790	0.153515
80	5.946914	0.154991
81	5.901852	0.155581
82	5.864037	0.156082
83	5.942799	0.155044
84	5.943925	0.155029
85	5.952872	0.154913
86	5.886898	0.155779
87	5.859971	0.156136
88	5.773218	0.157305
89	5.697093	0.158352
90	5.529996	0.160727
91	5.454098	0.161841
92	5.361292	0.163236
93	5.363969	0.163195
94	5.342334	0.163525
95	5.303305	0.164126
96	5.195337	0.165823
97	5.254517	0.164886
98	5.307560	0.164060
99	5.272266	0.164609
100	5.260465	0.164793
101	5.350502	0.163401
102	5.366644	0.163155
103	5.415465	0.162418
104	5.383182	0.162904
105	5.311090	0.164006
106	5.255258	0.164875
107	5.240990	0.165099
108	5.171296	0.166208
109	5.123964	0.166974
110	5.068904	0.167878
111	5.088479	0.167555
112	5.074280	0.167789
113	5.111126	0.167183
114	5.224208	0.165364
115	5.360621	0.163246
116	5.419269	0.162361
117	5.494238	0.161249
118	5.571066	0.160133
119	5.588854	0.159878
120	5.630186	0.159290
121	5.522604	0.160834
122	5.551850	0.160410
123	5.585641	0.159924
124	5.640892	0.159139
125	5.615210	0.159503
126	5.765191	0.157414
127	5.860786	0.156125
128	5.992536	0.154399
129	5.978161	0.154585
130	5.986811	0.154473
131	5.959163	0.154831
132	6.002123	0.154276
133	5.926545	0.155257
134	5.860379	0.156131
135	5.756195	0.157537
136	5.726848	0.157940
137	5.963579	0.154774
138	5.971991	0.154665
139	5.914276	0.155418
140	5.844373	0.156344
141	5.785581	0.157137
142	5.768768	0.157365
143	5.658485	0.158892
144	5.093750	0.167468
145	4.902092	0.170711
146	4.717221	0.174023
147	4.649866	0.175279
148	4.520233	0.177775
149	4.356709	0.181081
150	4.425697	0.179664
151	4.509287	0.177991
152	4.454347	0.179085
153	4.509287	0.177991
154	4.459323	0.178985
155	4.460965	0.178952
156	4.392682	0.180338
157	4.262680	0.183067
158	4.193979	0.184560
159	4.213179	0.184139
160	4.163342	0.185238
161	4.165564	0.185189
162	4.089566	0.186901
163	4.065362	0.187457
164	4.087169	0.186956
165	3.953990	0.190079
166	3.871201	0.192100
167	3.696004	0.196601
168	3.633816	0.198276
169	3.579539	0.199773
170	3.500832	0.202007
171	3.530558	0.201154
172	3.777668	0.194464
173	3.825528	0.193244
174	3.959460	0.189947
175	3.981008	0.189432
176	4.004730	0.188871
177	4.070240	0.187345
178	4.038021	0.188090
179	3.906287	0.191236
180	3.767829	0.194718
181	3.483422	0.202511
182	3.357385	0.206277
183	3.189900	0.211623
184	3.077957	0.215437
185	2.988557	0.218635
186	2.882396	0.222625
187	2.858135	0.223568
188	2.858135	0.223568
189	2.898285	0.222014
190	2.874355	0.222936
191	2.745410	0.228112
192	2.799048	0.225915
193	2.890372	0.222318
194	2.921601	0.221126
195	2.913926	0.221417
196	2.799048	0.225915
197	2.772589	0.226991
198	2.698471	0.230087
199	2.531393	0.237559
200	2.371551	0.245434
201	2.228508	0.253188
202	2.228508	0.253188
203	2.243790	0.252325
204	2.212989	0.254075
205	2.164931	0.256879
206	2.043037	0.264431
207	1.945910	0.270950
208	1.815313	0.280527
209	1.791759	0.282365
210	1.691755	0.290591
211	1.609438	0.297930
212	1.609438	0.297930
213	1.665062	0.292911
214	1.838325	0.278766
215	1.945910	0.270950
216	1.966133	0.269553
217	2.164931	0.256879
218	2.131678	0.258875
219	2.114567	0.259920
220	2.131678	0.258875
221	2.043037	0.264431
222	2.024325	0.265651
223	2.005391	0.266902
224	1.966133	0.269553
225	1.945910	0.270950
226	1.904195	0.273902
227	1.945910	0.270950
228	1.945910	0.270950
229	1.945910	0.270950
230	1.838325	0.278766
231	1.717575	0.288399
232	1.665062	0.292911
233	1.838325	0.278766
234	1.838325	0.278766
235	2.061405	0.263251
236	2.131678	0.258875
237	2.258738	0.251488
238	2.181208	0.255919
239	2.197225	0.254984
240	2.148384	0.257867
241	2.097159	0.260997
242	1.838325	0.278766
243	1.665062	0.292911
244	1.421420	0.317022
245	1.519732	0.306597
246	1.767638	0.284285
247	1.767638	0.284285
248	2.024325	0.265651
249	2.061405	0.263251
250	2.079442	0.262106
251	2.079442	0.262106
252	2.097159	0.260997
253	2.024325	0.265651
254	2.024325	0.265651
255	1.860819	0.277076
256	1.742919	0.286294
257	1.838325	0.278766
258	1.815313	0.280527
259	1.966133	0.269553
260	1.904195	0.273902
261	2.061405	0.263251
