0	3.526361	0.201274
1	3.761200	0.194889
2	3.692448	0.196695
3	3.828641	0.193165
4	4.244401	0.183461
5	4.305996	0.182144
6	4.338218	0.181466
7	4.446010	0.179253
8	4.570278	0.176799
9	4.722322	0.173929
10	4.980664	0.169359
11	4.926217	0.170292
12	5.116280	0.167099
13	5.308975	0.164038
14	5.398163	0.162678
15	5.435594	0.162117
16	5.490119	0.161310
17	5.449810	0.161905
18	5.524883	0.160801
19	5.505332	0.161087
20	5.579190	0.160017
21	5.663953	0.158815
22	5.753480	0.157574
23	5.858342	0.156158
24	5.911571	0.155453
25	5.922728	0.155307
26	5.950643	0.154942
27	5.908083	0.155499
28	5.847678	0.156300
29	5.782067	0.157184
30	5.633768	0.159240
31	5.545736	0.160499
32	5.541264	0.160563
33	5.506493	0.161070
34	5.459586	0.161760
35	5.436212	0.162107
36	5.419269	0.162361
37	5.511697	0.160993
38	5.384495	0.162884
39	5.421168	0.162332
40	5.313910	0.163962
41	5.210267	0.165585
42	5.127357	0.166918
43	5.026699	0.168581
44	4.786299	0.172763
45	4.893570	0.170859
46	4.561365	0.176972
47	4.396213	0.180265
48	4.482200	0.178528
49	4.392682	0.180338
50	4.276666	0.182767
51	4.319393	0.181861
52	4.258644	0.183154
53	4.193979	0.184560
54	4.413659	0.179908
55	4.313667	0.181982
56	4.248495	0.183372
57	4.341947	0.181388
58	4.354874	0.181119
59	4.427406	0.179629
60	4.444332	0.179287
61	4.362194	0.180967
62	4.256619	0.183197
63	4.256619	0.183197
64	4.145402	0.185638
65	3.996897	0.189056
66	3.853186	0.192549
67	3.720523	0.195952
68	3.587483	0.199552
69	3.522146	0.201394
70	3.479053	0.202638
71	3.567531	0.200109
72	3.656201	0.197668
73	3.800287	0.193884
74	3.940202	0.190411
75	4.072678	0.187288
76	4.198269	0.184466
77	4.290459	0.182473
78	4.284565	0.182599
79	4.328850	0.181662
80	4.284565	0.182599
81	4.288499	0.182515
82	4.242348	0.183505
83	4.208952	0.184232
84	4.187486	0.184703
85	4.250536	0.183328
86	4.296319	0.182349
87	4.334489	0.181544
88	4.367636	0.180854
89	4.423996	0.179698
90	4.488636	0.178400
91	4.555381	0.177088
92	4.623570	0.175777
93	4.682131	0.174674
94	4.806363	0.172402
95	4.950786	0.169869
96	5.103342	0.167311
97	5.222672	0.165388
98	5.348469	0.163432
99	5.432472	0.162163
100	5.562330	0.160259
101	5.624018	0.159378
102	5.673323	0.158684
103	5.696614	0.158359
104	5.718904	0.158050
105	5.729635	0.157902
106	5.768321	0.157372
107	5.725916	0.157953
108	5.761152	0.157469
109	5.770104	0.157347
110	5.763400	0.157439
111	5.758902	0.157500
112	5.778980	0.157226
113	5.776323	0.157263
114	5.826843	0.156579
115	5.829366	0.156545
116	5.847678	0.156300
117	5.891644	0.155716
118	5.922728	0.155307
119	5.925781	0.155267
120	5.953986	0.154898
121	5.964682	0.154760
122	5.970897	0.154679
123	5.817962	0.156699
124	6.004240	0.154249
125	6.022408	0.154016
126	6.031716	0.153897
127	6.013016	0.154136
128	5.980692	0.154552
129	5.955096	0.154884
130	6.070407	0.153406
131	5.863225	0.156093
132	5.799093	0.156953
133	5.758451	0.157506
134	5.723118	0.157992
135	5.712788	0.158135
136	5.682607	0.158554
137	5.645447	0.159075
138	5.606853	0.159622
139	5.555723	0.160354
140	5.526592	0.160776
141	5.503008	0.161121
142	5.472271	0.161572
143	5.447354	0.161942
144	5.436835	0.162098
145	5.421168	0.162332
146	5.380556	0.162944
147	5.293305	0.164281
148	5.221901	0.165400
149	5.153292	0.166498
150	5.097247	0.167411
151	5.036024	0.168425
152	4.936529	0.170114
153	4.891424	0.170897
154	4.889273	0.170934
155	4.884966	0.171009
156	4.845312	0.171708
157	4.774314	0.172980
158	4.652598	0.175228
159	4.616535	0.175911
160	4.593674	0.176348
161	4.549351	0.177205
162	4.462615	0.178919
163	4.411937	0.179944
164	4.390912	0.180374
165	4.394449	0.180301
166	4.345661	0.181311
167	4.336362	0.181505
168	4.292416	0.182432
169	4.262680	0.183067
170	4.185312	0.184751
171	4.176585	0.184944
172	4.165564	0.185189
173	4.274678	0.182810
174	4.260664	0.183110
175	4.302131	0.182226
176	4.336362	0.181505
177	4.380238	0.180594
178	4.325073	0.181742
179	4.345661	0.181311
180	4.268704	0.182938
181	4.270690	0.182895
182	4.244401	0.183461
183	4.200415	0.184419
184	4.202556	0.184372
185	4.229953	0.183774
186	4.211075	0.184185
187	4.219508	0.184001
188	4.219508	0.184001
189	4.227870	0.183819
190	4.208952	0.184232
191	4.266700	0.182981
192	4.262680	0.183067
193	4.326963	0.181702
194	4.302131	0.182226
195	4.341947	0.181388
196	4.439281	0.179389
197	4.518675	0.177806
198	4.579124	0.176628
199	4.715942	0.174047
200	4.791060	0.172677
201	4.840803	0.171788
202	4.858703	0.171471
203	4.893570	0.170859
204	5.018226	0.168724
205	5.066202	0.167923
206	5.145830	0.166619
207	5.193751	0.165848
208	5.278844	0.164506
209	5.318120	0.163897
210	5.433097	0.162154
211	5.587249	0.159901
212	5.695176	0.158379
213	5.835647	0.156461
214	6.035481	0.153849
215	6.163616	0.152242
216	6.227384	0.151460
217	6.413928	0.149241
218	6.588730	0.147248
219	6.762895	0.145340
220	6.910893	0.143775
221	7.051484	0.142335
222	7.149805	0.141353
223	7.200211	0.140857
224	7.284527	0.140039
225	7.385497	0.139079
226	7.453728	0.138441
227	7.512929	0.137894
228	7.577853	0.137302
229	7.625177	0.136876
230	7.660518	0.136559
231	7.722171	0.136013
232	7.790873	0.135412
233	7.857149	0.134840
234	7.922261	0.134285
235	7.979877	0.133799
236	8.044718	0.133259
237	8.110985	0.132713
238	8.200014	0.131991
239	8.278356	0.131365
240	8.374048	0.130612
241	8.460986	0.129939
242	8.518307	0.129501
243	8.560581	0.129181
244	8.620420	0.128732
245	8.666942	0.128386
246	8.714169	0.128038
247	8.748690	0.127785
248	8.782695	0.127537
249	8.810076	0.127339
250	8.835002	0.127159
251	8.858775	0.126988
252	8.881995	0.126822
253	8.888717	0.126774
254	8.892572	0.126747
255	8.892611	0.126747
256	8.889899	0.126766
257	8.882590	0.126818
258	8.889170	0.126771
