0	3.405953	0.204801
1	3.780934	0.194380
2	4.025352	0.188386
3	4.378445	0.180630
4	4.582045	0.176572
5	4.709530	0.174166
6	4.757282	0.173289
7	4.785106	0.172785
8	4.763395	0.173178
9	4.788683	0.172720
10	4.726122	0.173860
11	4.715942	0.174047
12	4.751122	0.173402
13	4.827169	0.172030
14	4.881718	0.171066
15	4.983607	0.169309
16	5.086713	0.167584
17	5.225747	0.165340
18	5.329957	0.163715
19	5.450425	0.161896
20	5.546852	0.160483
21	5.633256	0.159247
22	5.746203	0.157674
23	5.852202	0.156240
24	5.920428	0.155337
25	6.018245	0.154069
26	6.097110	0.153070
27	6.115261	0.152842
28	6.134018	0.152608
29	6.125622	0.152713
30	6.204558	0.151738
31	6.252179	0.151159
32	6.276912	0.150861
33	6.236649	0.151348
34	6.247213	0.151220
35	6.280931	0.150813
36	6.293684	0.150660
37	6.222860	0.151515
38	6.208302	0.151693
39	6.201956	0.151770
40	6.267472	0.150975
41	6.303926	0.150538
42	6.283867	0.150778
43	6.290246	0.150701
44	6.348889	0.150004
45	6.377940	0.149662
46	6.410175	0.149285
47	6.431331	0.149039
48	6.417665	0.149198
49	6.396930	0.149439
50	6.420924	0.149160
51	6.429027	0.149066
52	6.446401	0.148865
53	6.418132	0.149192
54	6.358831	0.149886
55	6.314841	0.150408
56	6.304710	0.150528
57	6.281732	0.150803
58	6.258761	0.151080
59	6.244445	0.151253
60	6.285732	0.150755
61	6.329466	0.150234
62	6.381574	0.149619
63	6.385677	0.149571
64	6.380607	0.149630
65	6.403811	0.149359
66	6.392873	0.149487
67	6.362043	0.149849
68	6.359079	0.149884
69	6.321025	0.150334
70	6.316133	0.150392
71	6.309918	0.150466
72	6.287061	0.150740
73	6.315358	0.150401
74	6.302357	0.150556
75	6.260673	0.151057
76	6.272877	0.150910
77	6.259581	0.151070
78	6.275570	0.150877
79	6.296582	0.150626
80	6.294474	0.150651
81	6.336826	0.150146
82	6.395978	0.149451
83	6.402864	0.149370
84	6.415799	0.149220
85	6.452049	0.148800
86	6.486379	0.148405
87	6.538554	0.147812
88	6.591870	0.147213
89	6.662403	0.146432
90	6.724519	0.145754
91	6.757762	0.145395
92	6.762564	0.145343
93	6.768329	0.145281
94	6.830565	0.144618
95	6.869163	0.144211
96	6.897128	0.143919
97	6.933841	0.143537
98	6.927698	0.143601
99	6.928678	0.143591
100	6.967371	0.143191
101	6.970059	0.143164
102	6.996812	0.142890
103	6.980475	0.143057
104	6.934258	0.143533
105	6.920672	0.143674
106	6.936897	0.143505
107	6.949856	0.143372
108	6.982333	0.143038
109	6.953411	0.143335
110	6.952046	0.143349
111	6.959941	0.143268
112	6.973275	0.143131
113	6.963461	0.143231
114	6.892496	0.143967
115	6.733402	0.145658
116	6.627286	0.146819
117	6.527123	0.147942
118	6.442085	0.148915
119	6.417898	0.149195
120	6.300261	0.150582
121	6.151517	0.152391
122	6.105750	0.152961
123	5.986093	0.154482
124	5.863225	0.156093
125	5.840226	0.156400
126	5.749393	0.157630
127	5.711847	0.158148
128	5.729171	0.157908
129	5.612084	0.159547
130	5.579190	0.160017
131	5.536208	0.160637
132	5.469869	0.161608
133	5.472271	0.161572
134	5.448585	0.161923
135	5.392327	0.162766
136	5.391029	0.162785
137	5.355912	0.163318
138	5.330644	0.163705
139	5.286822	0.164382
140	5.236442	0.165171
141	5.189780	0.165912
142	5.234157	0.165207
143	5.237202	0.165159
144	5.297602	0.164214
145	5.294741	0.164259
146	5.406530	0.162552
147	5.403965	0.162590
148	5.462619	0.161715
149	5.493061	0.161266
150	5.563424	0.160243
151	5.604224	0.159659
152	5.666427	0.158780
153	5.644941	0.159082
154	5.662464	0.158836
155	5.677733	0.158622
156	5.717498	0.158069
157	5.726382	0.157947
158	5.718904	0.158050
159	5.701877	0.158286
160	5.685520	0.158513
161	5.680661	0.158581
162	5.669881	0.158732
163	5.617811	0.159466
164	5.568345	0.160172
165	5.552405	0.160402
166	5.526592	0.160776
167	5.488347	0.161336
168	5.484797	0.161388
169	5.489528	0.161318
170	5.435594	0.162117
171	5.367979	0.163134
172	5.225747	0.165340
173	4.965840	0.169611
174	4.792239	0.172656
175	4.722322	0.173929
176	4.987510	0.169242
177	4.903154	0.170692
178	4.616535	0.175911
179	4.701780	0.174309
180	4.988485	0.169226
181	4.988485	0.169226
182	4.988485	0.169226
183	5.126514	0.166932
184	5.132434	0.166836
185	5.260465	0.164793
186	5.343702	0.163505
187	5.380556	0.162944
188	5.380556	0.162944
189	5.380556	0.162944
190	4.907391	0.170618
191	5.455321	0.161823
192	5.489528	0.161318
193	5.487163	0.161353
194	5.511124	0.161002
195	5.511124	0.161002
196	5.511124	0.161002
197	5.511124	0.161002
198	5.699487	0.158319
199	5.741627	0.157737
200	5.838980	0.156416
201	5.949897	0.154952
202	5.949897	0.154952
203	5.949897	0.154952
204	5.949897	0.154952
205	6.070407	0.153406
206	6.095502	0.153090
207	6.163616	0.152242
208	6.173786	0.152116
209	6.173786	0.152116
210	6.173786	0.152116
211	6.173786	0.152116
212	6.264485	0.151011
213	6.300523	0.150578
214	6.327170	0.150261
215	6.389282	0.149529
216	6.389282	0.149529
217	6.389282	0.149529
218	6.389282	0.149529
219	6.467921	0.148617
220	6.499787	0.148252
221	6.545966	0.147728
222	6.519780	0.148025
223	6.519780	0.148025
224	6.519780	0.148025
225	6.519780	0.148025
226	6.706862	0.145946
227	6.757431	0.145399
228	6.843141	0.144485
229	6.962514	0.143241
230	6.962514	0.143241
231	6.962514	0.143241
232	6.962514	0.143241
233	7.203086	0.140829
234	7.318729	0.139712
235	7.463117	0.138354
236	7.583684	0.137250
237	7.583684	0.137250
238	7.583684	0.137250
239	7.583684	0.137250
240	7.892879	0.134534
241	7.948385	0.134064
242	7.986991	0.133739
243	8.057694	0.133151
244	8.057694	0.133151
245	8.057694	0.133151
246	8.057694	0.133151
247	8.283566	0.131323
248	8.328347	0.130970
249	8.349653	0.130803
250	8.392407	0.130469
251	8.392407	0.130469
252	8.392407	0.130469
253	8.392407	0.130469
254	8.369654	0.130646
255	8.354305	0.130766
256	8.352656	0.130779
257	8.393895	0.130458
258	8.393895	0.130458
259	8.393895	0.130458
260	8.393895	0.130458
261	8.462013	0.129931
262	8.490204	0.129716
263	8.525728	0.129445
264	8.512439	0.129546
265	8.512439	0.129546
266	8.512439	0.129546
267	8.512439	0.129546
268	8.522834	0.129467
269	8.535426	0.129371
270	8.553332	0.129236
271	8.539318	0.129342
272	8.539318	0.129342
273	8.539318	0.129342
274	8.539318	0.129342
