0	3.563486	0.200223
1	3.850148	0.192625
2	4.238243	0.183594
3	4.406719	0.180050
4	4.531061	0.177562
5	4.636116	0.175539
6	4.704373	0.174261
7	4.756053	0.173312
8	4.780324	0.172871
9	4.724854	0.173883
10	4.742442	0.173560
11	4.768258	0.173090
12	4.783910	0.172806
13	4.775512	0.172958
14	4.789872	0.172699
15	4.765834	0.173134
16	4.714661	0.174071
17	4.599444	0.176237
18	4.462615	0.178919
19	4.447686	0.179219
20	4.360369	0.181004
21	4.258644	0.183154
22	4.165564	0.185189
23	3.999503	0.188994
24	3.937418	0.190478
25	3.926202	0.190750
26	3.667222	0.197371
27	3.571531	0.199997
28	3.479053	0.202638
29	3.424719	0.204239
30	3.420052	0.204378
31	3.415396	0.204517
32	3.342367	0.206740
33	3.263581	0.209220
34	3.172078	0.212216
35	3.386794	0.205379
36	3.213139	0.210856
37	3.110355	0.214312
38	2.988557	0.218635
39	2.898285	0.222014
40	2.849897	0.223891
41	2.799048	0.225915
42	2.024325	0.265651
43	2.131678	0.258875
44	1.904195	0.273902
45	2.079442	0.262106
46	1.966133	0.269553
47	1.791759	0.282365
48	1.691755	0.290591
49	1.742919	0.286294
50	1.691755	0.290591
51	1.742919	0.286294
52	1.386294	0.321013
53	1.421420	0.317022
54	1.386294	0.321013
55	1.312109	0.329964
56	1.272846	0.335014
57	1.098612	0.360603
58	0.998424	0.378263
59	0.826804	0.415671
60	0.826804	0.415671
61	0.887480	0.401210
62	0.998424	0.378263
63	0.538830	0.514903
64	0.762207	0.432927
65	0.538830	0.514903
66	0.451712	0.562367
67	0.538830	0.514903
68	1.049772	0.368896
69	1.386294	0.321013
70	1.717575	0.288399
71	1.665062	0.292911
72	1.767638	0.284285
73	1.742919	0.286294
74	1.691755	0.290591
75	1.455354	0.313305
76	1.637637	0.295354
77	1.312109	0.329964
78	1.349890	0.325313
79	1.488174	0.309830
80	1.665062	0.292911
81	1.691755	0.290591
82	1.767638	0.284285
83	1.232269	0.340485
84	1.349890	0.325313
85	1.455354	0.313305
86	1.189671	0.346527
87	0.826804	0.415671
88	0.693147	0.453982
89	0.356975	0.632604
90	0.826804	0.415671
91	0.887480	0.401210
92	0.618962	0.480418
93	0.618962	0.480418
94	0.826804	0.415671
95	1.098612	0.360603
96	1.189671	0.346527
97	0.887480	0.401210
98	0.826804	0.415671
99	0.762207	0.432927
100	0.693147	0.453982
101	0.944295	0.388953
102	0.762207	0.432927
103	0.762207	0.432927
104	1.098612	0.360603
105	0.944295	0.388953
106	1.189671	0.346527
107	1.386294	0.321013
108	1.312109	0.329964
109	1.312109	0.329964
110	1.232269	0.340485
111	1.189671	0.346527
112	1.145178	0.353195
113	1.488174	0.309830
114	1.349890	0.325313
115	1.272846	0.335014
116	1.455354	0.313305
117	1.609438	0.297930
118	1.580421	0.300652
119	1.665062	0.292911
120	1.455354	0.313305
121	1.550537	0.303536
122	1.455354	0.313305
123	1.386294	0.321013
124	1.421420	0.317022
125	1.815313	0.280527
126	1.742919	0.286294
127	1.637637	0.295354
128	1.767638	0.284285
129	1.904195	0.273902
130	1.791759	0.282365
131	1.665062	0.292911
132	1.272846	0.335014
133	1.488174	0.309830
134	1.455354	0.313305
135	1.312109	0.329964
136	1.189671	0.346527
137	1.232269	0.340485
138	1.455354	0.313305
139	1.312109	0.329964
140	1.609438	0.297930
141	1.637637	0.295354
142	1.580421	0.300652
143	1.488174	0.309830
144	1.455354	0.313305
145	1.386294	0.321013
146	1.421420	0.317022
147	1.488174	0.309830
148	1.386294	0.321013
149	1.349890	0.325313
150	1.349890	0.325313
151	1.488174	0.309830
152	1.312109	0.329964
153	1.455354	0.313305
154	0.693147	0.453982
155	0.693147	0.453982
156	0.887480	0.401210
157	1.232269	0.340485
158	1.049772	0.368896
159	1.145178	0.353195
160	1.098612	0.360603
161	1.098612	0.360603
162	1.098612	0.360603
163	0.826804	0.415671
164	0.762207	0.432927
165	1.189671	0.346527
166	1.189671	0.346527
167	1.098612	0.360603
168	1.049772	0.368896
169	1.550537	0.303536
170	1.580421	0.300652
171	1.421420	0.317022
172	1.145178	0.353195
173	1.349890	0.325313
174	1.455354	0.313305
175	1.455354	0.313305
176	1.421420	0.317022
177	1.455354	0.313305
178	1.421420	0.317022
179	1.815313	0.280527
180	1.637637	0.295354
181	1.637637	0.295354
182	1.637637	0.295354
183	1.550537	0.303536
184	1.488174	0.309830
185	1.637637	0.295354
186	1.232269	0.340485
187	1.312109	0.329964
188	1.145178	0.353195
189	1.272846	0.335014
190	0.887480	0.401210
191	0.887480	0.401210
192	1.925270	0.272399
193	1.966133	0.269553
194	2.024325	0.265651
195	2.079442	0.262106
196	2.164931	0.256879
197	2.181208	0.255919
198	2.258738	0.251488
199	1.767638	0.284285
200	1.985955	0.268205
201	2.024325	0.265651
202	2.024325	0.265651
203	1.985955	0.268205
204	1.985955	0.268205
205	1.985955	0.268205
206	1.815313	0.280527
207	1.665062	0.292911
208	1.455354	0.313305
209	1.767638	0.284285
210	1.860819	0.277076
211	1.966133	0.269553
212	1.966133	0.269553
213	2.097159	0.260997
214	2.097159	0.260997
215	2.258738	0.251488
216	2.114567	0.259920
217	2.005391	0.266902
218	1.966133	0.269553
219	1.860819	0.277076
220	1.882666	0.275464
221	1.966133	0.269553
222	1.838325	0.278766
223	1.925270	0.272399
224	1.945910	0.270950
225	1.925270	0.272399
226	1.985955	0.268205
227	1.985955	0.268205
228	1.860819	0.277076
229	1.904195	0.273902
230	1.815313	0.280527
231	1.966133	0.269553
232	2.024325	0.265651
233	2.024325	0.265651
234	1.904195	0.273902
235	1.815313	0.280527
236	1.791759	0.282365
237	1.815313	0.280527
238	1.637637	0.295354
239	1.665062	0.292911
240	1.609438	0.297930
241	1.580421	0.300652
242	1.550537	0.303536
243	1.637637	0.295354
244	1.488174	0.309830
245	1.637637	0.295354
246	1.717575	0.288399
247	1.860819	0.277076
248	1.838325	0.278766
249	1.882666	0.275464
250	2.043037	0.264431
251	2.288182	0.249865
252	2.212989	0.254075
253	2.212989	0.254075
254	2.410811	0.243427
255	2.508460	0.238642
256	2.659280	0.231776
257	2.484907	0.239771
258	2.575889	0.235498
259	2.717538	0.229278
260	2.745410	0.228112
261	2.745410	0.228112
262	2.824766	0.224885
