0	3.461257	0.203158
1	3.883027	0.191808
2	4.252573	0.183284
3	4.439281	0.179389
4	4.709530	0.174166
5	4.929324	0.170238
6	4.907391	0.170618
7	4.967825	0.169577
8	4.882802	0.171047
9	4.737452	0.173652
10	4.562857	0.176943
11	4.336362	0.181505
12	3.868217	0.192174
13	4.040539	0.188032
14	3.981008	0.189432
15	3.940202	0.190411
16	4.035496	0.188149
17	4.196134	0.184513
18	4.211075	0.184185
19	4.264692	0.183024
20	4.147664	0.185588
21	4.304065	0.182185
22	4.427406	0.179629
23	4.555381	0.177088
24	4.547848	0.177234
25	4.562857	0.176943
26	4.713388	0.174094
27	4.967825	0.169577
28	4.946729	0.169939
29	4.989459	0.169209
30	5.010635	0.168851
31	5.083179	0.167642
32	5.260465	0.164793
33	5.324404	0.163801
34	5.244764	0.165040
35	5.289710	0.164337
36	5.362634	0.163216
37	5.387765	0.162835
38	5.501258	0.161146
39	5.488938	0.161327
40	5.510546	0.161010
41	5.642414	0.159118
42	5.766979	0.157390
43	5.848500	0.156289
44	5.908083	0.155499
45	5.861194	0.156120
46	5.911571	0.155453
47	6.041613	0.153771
48	6.088072	0.153183
49	6.134946	0.152597
50	6.194989	0.151856
51	6.291039	0.150692
52	6.412522	0.149258
53	6.467477	0.148622
54	6.494186	0.148316
55	6.558198	0.147591
56	6.666593	0.146386
57	6.716422	0.145842
58	6.728286	0.145713
59	6.741701	0.145568
60	6.817831	0.144753
61	6.849066	0.144423
62	6.906040	0.143826
63	6.917422	0.143707
64	6.933423	0.143541
65	6.916857	0.143713
66	7.033003	0.142522
67	7.073996	0.142108
68	7.171767	0.141136
69	7.226105	0.140604
70	7.274380	0.140137
71	7.336006	0.139547
72	7.408357	0.138864
73	7.411815	0.138832
74	7.556278	0.137498
75	7.614664	0.136970
76	7.670295	0.136472
77	7.709244	0.136127
78	7.766538	0.135624
79	7.805533	0.135285
80	7.846422	0.134932
81	7.839695	0.134990
82	7.879237	0.134651
83	7.945657	0.134087
84	8.041597	0.133285
85	8.082182	0.132949
86	8.112142	0.132704
87	8.180361	0.132149
88	8.193519	0.132043
89	8.211754	0.131896
90	8.255643	0.131545
91	8.267412	0.131452
92	8.296083	0.131224
93	8.355481	0.130757
94	8.408143	0.130347
95	8.502370	0.129623
96	8.569379	0.129115
97	8.628453	0.128672
98	8.671311	0.128354
99	8.715435	0.128028
100	8.770750	0.127624
101	8.823353	0.127243
102	8.867568	0.126925
103	8.923306	0.126528
104	8.990353	0.126056
105	9.032853	0.125759
106	9.080183	0.125431
107	9.130771	0.125083
108	9.141327	0.125010
109	9.214304	0.124514
110	9.259987	0.124207
111	9.295298	0.123971
112	9.337502	0.123690
113	9.369479	0.123479
114	9.373879	0.123450
115	9.420648	0.123143
116	9.414819	0.123181
117	9.426684	0.123104
118	9.424241	0.123120
119	9.440159	0.123016
120	9.414237	0.123185
121	9.386764	0.123365
122	9.391459	0.123334
123	9.390648	0.123340
124	9.397436	0.123295
125	9.384546	0.123380
126	9.357590	0.123557
127	9.330039	0.123740
128	9.318079	0.123819
129	9.294878	0.123974
130	9.267490	0.124157
131	9.227155	0.124428
132	9.197255	0.124630
133	9.152287	0.124936
134	9.125918	0.125116
135	9.081809	0.125419
136	9.035204	0.125742
137	8.987465	0.126076
138	8.918708	0.126561
139	8.871826	0.126895
140	8.840808	0.127117
141	8.806360	0.127366
142	8.763852	0.127674
143	8.626483	0.128687
144	8.508037	0.129579
145	8.478274	0.129807
146	8.378424	0.130578
147	8.275522	0.131387
148	8.230958	0.131742
149	8.221287	0.131820
150	8.262891	0.131488
151	8.260456	0.131507
152	8.148115	0.132410
153	8.114239	0.132687
154	8.072155	0.133032
155	8.032870	0.133357
156	8.000302	0.133628
157	7.939464	0.134139
158	7.871257	0.134719
159	7.782867	0.135482
160	7.703072	0.136182
161	7.688586	0.136310
162	7.708539	0.136133
163	7.685900	0.136334
164	7.662803	0.136539
165	7.651664	0.136638
166	7.666289	0.136508
167	7.624409	0.136882
168	7.561642	0.137449
169	7.473150	0.138261
170	7.461805	0.138366
171	7.432991	0.138634
172	7.397474	0.138966
173	7.388416	0.139051
174	7.389299	0.139043
175	7.384522	0.139088
176	7.394317	0.138996
177	7.366987	0.139253
178	7.360922	0.139311
179	7.371848	0.139208
180	7.380345	0.139127
181	7.399136	0.138951
182	7.397036	0.138970
183	7.376598	0.139163
184	7.426634	0.138693
185	7.425187	0.138707
186	7.402190	0.138922
187	7.350792	0.139407
188	7.248504	0.140387
189	7.218910	0.140674
190	7.237368	0.140495
191	7.190784	0.140949
192	7.175709	0.141097
193	7.162951	0.141223
194	7.192290	0.140935
195	7.285996	0.140025
196	7.315409	0.139744
197	7.317591	0.139723
198	7.329281	0.139611
199	7.342872	0.139482
200	7.342039	0.139490
201	7.315028	0.139747
202	7.375972	0.139169
203	7.376151	0.139167
204	7.372746	0.139199
205	7.386205	0.139072
206	7.383013	0.139102
207	7.386028	0.139074
208	7.434257	0.138622
209	7.380879	0.139122
210	7.388593	0.139050
211	7.437963	0.138587
212	7.427144	0.138688
213	7.442158	0.138548
214	7.473961	0.138253
215	7.464019	0.138345
216	7.456289	0.138417
217	7.452982	0.138448
218	7.404627	0.138899
219	7.408271	0.138865
220	7.391503	0.139022
221	7.382658	0.139106
222	7.383989	0.139093
223	7.378294	0.139147
224	7.355641	0.139361
225	7.344719	0.139464
226	7.358376	0.139335
227	7.344534	0.139466
228	7.326841	0.139634
229	7.312553	0.139771
230	7.308830	0.139806
231	7.308925	0.139805
232	7.353357	0.139382
233	7.397036	0.138970
234	7.433836	0.138626
235	7.472907	0.138263
236	7.508944	0.137931
237	7.547803	0.137575
238	7.582593	0.137259
239	7.582448	0.137261
240	7.601045	0.137093
241	7.653088	0.136626
242	7.664950	0.136520
243	7.722994	0.136006
244	7.748522	0.135782
245	7.774556	0.135554
246	7.823474	0.135130
247	7.851995	0.134884
248	7.871910	0.134713
249	7.901695	0.134459
250	7.915609	0.134341
251	7.943985	0.134101
252	7.958727	0.133977
253	7.969753	0.133884
254	7.959925	0.133967
255	8.004938	0.133589
256	8.066477	0.133079
257	8.134174	0.132524
258	8.193045	0.132047
259	8.252595	0.131570
260	8.289539	0.131276
